1	-21.0	-21.0	0.8762209415435791
2	-19.0	-20.98	1.795125961303711
3	-21.0	-20.9802	2.644440174102783
4	-20.0	-20.970398	3.3905270099639893
5	-20.0	-20.96069402	4.089747905731201
6	-21.0	-20.9610870798	4.668107986450195
7	-20.0	-20.951476209002	5.4170801639556885
8	-21.0	-20.95196144691198	6.139546155929565
9	-20.0	-20.94244183244286	6.881255865097046
10	-19.0	-20.923017414118434	7.7096641063690186
11	-21.0	-20.92378723997725	8.461935997009277
12	-20.0	-20.91454936757748	9.23570990562439
13	-19.0	-20.895403873901707	10.093297004699707
14	-19.0	-20.876449835162692	10.95505690574646
15	-21.0	-20.877685336811066	11.568132162094116
16	-21.0	-20.878908483442956	12.260551929473877
17	-21.0	-20.880119398608528	13.128405094146729
18	-21.0	-20.881318204622442	13.801599025726318
19	-20.0	-20.872505022576217	14.496762990951538
20	-20.0	-20.863779972350454	15.365204095840454
21	-21.0	-20.86514217262695	16.024938106536865
22	-20.0	-20.85649075090068	16.9340660572052
23	-19.0	-20.837925843391673	17.919723987579346
24	-19.0	-20.819546584957756	19.014339208602905
25	-20.0	-20.811351119108178	19.793916940689087
26	-20.0	-20.803237607917094	20.633092164993286
27	-21.0	-20.805205231837924	21.40703582763672
28	-21.0	-20.807153179519545	22.07947015762329
29	-20.0	-20.79908164772435	22.949384927749634
30	-21.0	-20.80109083124711	23.787193059921265
31	-20.0	-20.793079922934638	24.562036991119385
32	-21.0	-20.795149123705293	25.26700711250305
33	-20.0	-20.78719763246824	26.05056595802307
34	-20.0	-20.779325656143556	26.87063980102539
35	-19.0	-20.761532399582123	27.628360986709595
36	-19.0	-20.743917075586303	28.434362173080444
37	-21.0	-20.746477904830442	29.236143827438354
38	-21.0	-20.749013125782138	29.89973211288452
39	-21.0	-20.75152299452432	30.698378086090088
40	-21.0	-20.754007764579075	31.403489112854004
41	-19.0	-20.736467686933285	32.20626091957092
42	-21.0	-20.739103010063953	33.05077886581421
43	-20.0	-20.73171197996331	33.82859182357788
44	-20.0	-20.724394860163677	34.60971999168396
45	-19.0	-20.707150911562042	35.46324300765991
46	-21.0	-20.71007940244642	36.20921087265015
47	-19.0	-20.69297860842196	37.147818088531494
48	-19.0	-20.67604882233774	38.01174712181091
49	-21.0	-20.679288334114364	38.639317989349365
50	-21.0	-20.68249545077322	39.25590705871582
51	-20.0	-20.67567049626549	39.99651622772217
52	-21.0	-20.678913791302836	41.02364492416382
53	-21.0	-20.68212465338981	41.83026313781738
54	-20.0	-20.67530340685591	42.65588617324829
55	-19.0	-20.658550372787353	43.782886028289795
56	-20.0	-20.65196486905948	44.5993549823761
57	-21.0	-20.655445220368886	45.175540924072266
58	-21.0	-20.658890768165197	45.9399209022522
59	-20.0	-20.652301860483544	46.85127806663513
60	-20.0	-20.64577884187871	47.813037157058716
61	-21.0	-20.64932105345992	48.625349044799805
62	-21.0	-20.652827842925323	49.33470320701599
63	-21.0	-20.65629956449607	50.0859899520874
64	-20.0	-20.649736568851107	50.84942317008972
65	-20.0	-20.643239203162594	51.815213203430176
66	-19.0	-20.62680681113097	52.67124104499817
67	-21.0	-20.63053874301966	53.3431351184845
68	-21.0	-20.634233355589462	53.91511917114258
69	-20.0	-20.627891022033566	54.69479203224182
70	-21.0	-20.63161211181323	55.35526204109192
71	-21.0	-20.6352959906951	56.23091721534729
72	-21.0	-20.63894303078815	57.00207805633545
73	-20.0	-20.632553600480264	57.83680009841919
74	-20.0	-20.626228064475463	58.84611678123474
75	-21.0	-20.62996578383071	59.52296185493469
76	-20.0	-20.6236661259924	60.26745390892029
77	-21.0	-20.627429464732476	61.033003091812134
78	-20.0	-20.62115517008515	61.82368993759155
79	-21.0	-20.6249436183843	62.576685190200806
80	-21.0	-20.62869418220046	63.33668613433838
81	-21.0	-20.632407240378456	64.08652997016907
82	-19.0	-20.616083167974672	64.88776397705078
83	-20.0	-20.609922336294925	65.62876009941101
84	-19.0	-20.59382311293198	66.493567943573
85	-16.0	-20.54788488180266	67.61663484573364
86	-21.0	-20.552406032984635	68.51459503173828
87	-21.0	-20.55688197265479	69.42309093475342
88	-21.0	-20.561313152928243	70.24087405204773
89	-20.0	-20.55570002139896	71.08047199249268
90	-19.0	-20.54014302118497	71.83421397209167
91	-21.0	-20.54474159097312	72.4572081565857
92	-21.0	-20.54929417506339	73.1680691242218
93	-21.0	-20.553801233312758	73.7852029800415
94	-21.0	-20.55826322097963	74.5471580028534
95	-21.0	-20.562680588769833	75.1289610862732
96	-21.0	-20.567053782882134	75.95049905776978
97	-20.0	-20.56138324505331	76.78035712242126
98	-21.0	-20.565769412602776	77.58780002593994
99	-19.0	-20.55011171847675	78.35831618309021
100	-20.0	-20.544610601291982	79.14837598800659
101	-19.0	-20.529164495279062	79.9999680519104
102	-17.0	-20.493872850326273	81.02126383781433
103	-18.0	-20.46893412182301	82.04666018486023
104	-21.0	-20.47424478060478	82.8883490562439
105	-18.0	-20.449502332798733	83.7668809890747
106	-21.0	-20.455007309470748	84.5732831954956
107	-21.0	-20.46045723637604	85.36522912979126
108	-19.0	-20.445852664012282	86.08831405639648
109	-20.0	-20.441394137372157	86.7747871875763
110	-19.0	-20.426980195998436	87.58409023284912
111	-20.0	-20.42271039403845	88.37320303916931
112	-19.0	-20.408483290098065	89.13298201560974
113	-20.0	-20.404398457197082	90.00909209251404
114	-19.0	-20.390354472625113	90.96077704429626
115	-20.0	-20.38645092789886	91.86036801338196
116	-20.0	-20.38258641861987	92.7295229434967
117	-18.0	-20.35876055443367	93.60229206085205
118	-21.0	-20.365172948889334	94.26503396034241
119	-21.0	-20.371521219400442	95.19753098487854
120	-21.0	-20.377806007206438	95.8626480102539
121	-20.0	-20.374027947134373	96.59046816825867
122	-20.0	-20.37028766766303	97.49870896339417
123	-20.0	-20.366584790986398	98.20514512062073
124	-17.0	-20.332918943076535	99.1893801689148
125	-21.0	-20.33958975364577	99.89251518249512
126	-21.0	-20.346193856109316	100.46324300765991
127	-20.0	-20.34273191754822	101.34337210655212
128	-20.0	-20.33930459837274	102.13369607925415
129	-20.0	-20.33591155238901	102.8660569190979
130	-20.0	-20.332552436865118	103.55322289466858
131	-19.0	-20.319226912496468	104.31109619140625
132	-18.0	-20.296034643371502	105.29005002975464
133	-21.0	-20.303074296937787	106.09657096862793
134	-21.0	-20.31004355396841	106.71918487548828
135	-20.0	-20.306943118428723	107.54337310791016
136	-21.0	-20.31387368724444	108.30337595939636
137	-18.0	-20.290734950371995	109.1884880065918
138	-20.0	-20.287827600868273	109.92001509666443
139	-20.0	-20.28494932485959	110.78363299369812
140	-21.0	-20.292099831610994	111.53485798835754
141	-19.0	-20.279178833294885	112.42578315734863
142	-21.0	-20.286387044961938	113.28490400314331
143	-20.0	-20.283523174512318	114.07617115974426
144	-19.0	-20.270687942767196	114.87367820739746
145	-21.0	-20.277981063339524	115.67643117904663
146	-20.0	-20.27520125270613	116.45548009872437
147	-19.0	-20.26244924017907	117.36045217514038
148	-21.0	-20.269824747777278	118.11169195175171
149	-20.0	-20.267126500299504	119.17998313903809
150	-20.0	-20.26445523529651	120.04832696914673
151	-20.0	-20.261810682943544	120.79160594940186
152	-20.0	-20.259192576114106	121.57601523399353
153	-20.0	-20.256600650352965	122.72736597061157
154	-19.0	-20.244034643849435	123.64114999771118
155	-21.0	-20.251594297410943	124.31544709205627
156	-20.0	-20.249078354436833	125.18475198745728
157	-20.0	-20.246587570892462	126.14635801315308
158	-21.0	-20.25412169518354	126.71661591529846
159	-17.0	-20.221580478231704	127.84188795089722
160	-20.0	-20.219364673449387	128.63105583190918
161	-21.0	-20.227171026714895	129.4920630455017
162	-17.0	-20.19489931644775	130.5377321243286
163	-21.0	-20.20295032328327	131.1588580608368
164	-20.0	-20.200920820050438	131.88628315925598
165	-21.0	-20.208911611849935	132.69007420539856
166	-19.0	-20.196822495731436	133.58648490905762
167	-21.0	-20.20485427077412	134.33014702796936
168	-21.0	-20.21280572806638	135.22695207595825
169	-19.0	-20.20067767078572	136.15832090377808
170	-20.0	-20.19867089407786	136.9221110343933
171	-21.0	-20.20668418513708	137.54556798934937
172	-21.0	-20.214617343285713	138.20208096504211
173	-21.0	-20.222471169852856	138.77049803733826
174	-21.0	-20.230246458154326	139.4849500656128
175	-21.0	-20.237943993572785	140.10167980194092
176	-21.0	-20.245564553637056	140.85101103782654
177	-21.0	-20.253108908100685	141.56070399284363
178	-20.0	-20.25057781901968	142.3335440158844
179	-20.0	-20.24807204082948	143.17813515663147
180	-21.0	-20.255591320421185	143.79319596290588
181	-19.0	-20.243035407216976	144.64984607696533
182	-18.0	-20.220605053144805	145.70876812934875
183	-21.0	-20.228399002613358	146.55603623390198
184	-21.0	-20.236115012587224	147.17205810546875
185	-19.0	-20.22375386246135	148.11504697799683
186	-20.0	-20.221516323836735	148.84525394439697
187	-20.0	-20.219301160598366	149.90797400474548
188	-19.0	-20.207108148992383	150.85648202896118
189	-21.0	-20.21503706750246	151.56338787078857
190	-21.0	-20.222886696827437	152.45914697647095
191	-21.0	-20.230657829859165	153.22747802734375
192	-21.0	-20.238351251560573	153.9493989944458
193	-21.0	-20.245967739044968	154.80863308906555
194	-21.0	-20.253508061654518	155.54765224456787
195	-21.0	-20.260972981037973	156.17415404319763
196	-19.0	-20.248363251227595	157.0784158706665
197	-20.0	-20.245879618715318	157.8106710910797
198	-19.0	-20.233420822528167	158.56464004516602
199	-20.0	-20.231086614302885	159.35687494277954
200	-17.0	-20.198775748159857	160.44767999649048
201	-21.0	-20.206787990678258	161.16422605514526
202	-20.0	-20.204720110771476	162.00775814056396
203	-19.0	-20.192672909663763	163.0488121509552
204	-21.0	-20.200746180567126	163.6361119747162
205	-21.0	-20.208738718761456	164.26245498657227
206	-21.0	-20.216651331573843	165.04075002670288
207	-18.0	-20.194484818258104	165.96875500679016
208	-20.0	-20.192539970075522	166.83878207206726
209	-20.0	-20.190614570374766	167.7969000339508
210	-21.0	-20.19870842467102	168.78889393806458
211	-21.0	-20.20672134042431	169.59228897094727
212	-18.0	-20.184654127020064	170.63160920143127
213	-21.0	-20.192807585749865	171.38550996780396
214	-21.0	-20.200879509892367	172.0021150112152
215	-19.0	-20.188870714793445	172.7708020210266
216	-21.0	-20.196982007645513	173.4844319820404
217	-21.0	-20.205012187569057	174.2350630760193
218	-21.0	-20.212962065693368	174.8591070175171
219	-20.0	-20.210832445036434	175.60267281532288
220	-20.0	-20.20872412058607	176.4804139137268
221	-19.0	-20.19663687938021	177.43229484558105
222	-18.0	-20.17467051058641	178.4436318874359
223	-21.0	-20.182923805480545	179.2175030708313
224	-20.0	-20.18109456742574	179.96615982055664
225	-16.0	-20.13928362175148	181.1674461364746
226	-21.0	-20.147890785533967	181.92300391197205
227	-20.0	-20.146411877678627	182.75704193115234
228	-21.0	-20.15494775890184	183.4285671710968
229	-21.0	-20.163398281312823	184.05315780639648
230	-21.0	-20.171764298499696	184.67912197113037
231	-20.0	-20.1700466555147	185.41161704063416
232	-21.0	-20.17834618895955	186.2199821472168
233	-21.0	-20.18656272706996	187.1086778640747
234	-21.0	-20.19469709979926	187.77485013008118
235	-17.0	-20.162750128801267	188.76712918281555
236	-21.0	-20.171122627513256	189.39786100387573
237	-19.0	-20.159411401238124	190.29113698005676
238	-21.0	-20.167817287225745	191.0045289993286
239	-21.0	-20.17613911435349	191.814031124115
240	-19.0	-20.164377723209956	192.70504093170166
241	-19.0	-20.152733945977857	193.50755310058594
242	-18.0	-20.131206606518077	194.3960211277008
243	-21.0	-20.139894540452897	195.07280111312866
244	-21.0	-20.148495595048367	195.83676600456238
245	-21.0	-20.157010639097884	196.51095390319824
246	-21.0	-20.165440532706906	197.22845602035522
247	-21.0	-20.173786127379838	197.9455850124359
248	-19.0	-20.16204826610604	198.8311800956726
249	-17.0	-20.130427783444983	199.81617784500122
250	-19.0	-20.119123505610535	200.69530701637268
251	-21.0	-20.12793227055443	201.35871481895447
252	-21.0	-20.136652947848887	202.11325597763062
253	-20.0	-20.1352864183704	202.84764695167542
254	-20.0	-20.133933554186694	203.6689898967743
255	-21.0	-20.142594218644827	204.37728095054626
256	-21.0	-20.151168276458378	204.99365615844727
257	-21.0	-20.159656593693796	205.6529951095581
258	-21.0	-20.16806002775686	206.36735010147095
259	-21.0	-20.17637942747929	207.36583709716797
260	-21.0	-20.184615633204498	208.0657069683075
261	-20.0	-20.18276947687245	208.8464059829712
262	-19.0	-20.17094178210373	209.64390516281128
263	-20.0	-20.16923236428269	210.38804602622986
264	-20.0	-20.16754004063986	211.30663084983826
265	-20.0	-20.165864640233462	212.053551197052
266	-20.0	-20.164205993831125	212.924232006073
267	-21.0	-20.172563933892814	213.7379870414734
268	-21.0	-20.180838294553887	214.35700106620789
269	-20.0	-20.179029911608346	215.19085383415222
270	-21.0	-20.187239612492263	215.86465692520142
271	-17.0	-20.155367216367342	216.91786408424377
272	-21.0	-20.16381354420367	217.63419198989868
273	-20.0	-20.162175408761634	218.4284942150116
274	-21.0	-20.17055365467402	219.1362190246582
275	-21.0	-20.17884811812728	219.85029292106628
276	-21.0	-20.18705963694601	220.51856803894043
277	-19.0	-20.17518904057655	221.41674900054932
278	-20.0	-20.173437150170784	222.16166710853577
279	-21.0	-20.181702778669077	222.92447304725647
280	-21.0	-20.189885750882386	223.58803415298462
281	-19.0	-20.177986893373564	224.60693407058716
282	-21.0	-20.186207024439828	225.34053707122803
283	-19.0	-20.17434495419543	226.32998514175415
284	-21.0	-20.182601504653476	227.10218286514282
285	-21.0	-20.190775489606942	227.90560507774353
286	-21.0	-20.198867734710873	228.56350803375244
287	-21.0	-20.206879057363764	229.22908806800842
288	-21.0	-20.214810266790128	229.8624939918518
289	-21.0	-20.222662164122227	230.5992820262909
290	-20.0	-20.220435542481002	231.33463096618652
291	-20.0	-20.21823118705619	232.290461063385
292	-21.0	-20.22604887518563	232.91465592384338
293	-20.0	-20.22378838643377	233.65389704704285
294	-21.0	-20.231550502569434	234.26765608787537
295	-21.0	-20.23923499754374	234.879625082016
296	-20.0	-20.236842647568302	235.5671329498291
297	-21.0	-20.24447422109262	236.22704911231995
298	-21.0	-20.252029478881695	236.92751789093018
299	-20.0	-20.24950918409288	237.70302200317383
300	-21.0	-20.25701409225195	238.49671411514282
301	-21.0	-20.26444395132943	239.20768904685974
302	-21.0	-20.271799511816134	239.9713499546051
303	-21.0	-20.279081516697975	240.63455486297607
304	-20.0	-20.276290701530993	241.6109540462494
305	-20.0	-20.273527794515683	242.4469211101532
306	-21.0	-20.28079251657053	243.16255903244019
307	-20.0	-20.277984591404824	243.948637008667
308	-20.0	-20.275204745490775	244.7945339679718
309	-21.0	-20.28245269803587	245.38571691513062
310	-21.0	-20.28962817105551	246.17954993247986
311	-20.0	-20.286731889344956	246.95647501945496
312	-20.0	-20.283864570451506	247.6902768611908
313	-21.0	-20.291025924746993	248.3143060207367
314	-20.0	-20.28811566549952	249.0153510570526
315	-20.0	-20.285234508844525	249.80955004692078
316	-21.0	-20.29238216375608	250.5714030265808
317	-17.0	-20.25945834211852	251.49942088127136
318	-19.0	-20.246863758697337	252.50345087051392
319	-21.0	-20.254395121110363	253.17281317710876
320	-18.0	-20.231851169899258	254.10702896118164
321	-21.0	-20.239532658200265	254.91163301467896
322	-20.0	-20.23713733161826	255.74647498130798
323	-21.0	-20.24476595830208	256.4177510738373
324	-21.0	-20.252318298719057	257.0433430671692
325	-21.0	-20.25979511573187	257.7590961456299
326	-21.0	-20.26719716457455	258.4304530620575
327	-21.0	-20.274525192928806	259.1030170917511
328	-20.0	-20.27177994099952	259.797101020813
329	-21.0	-20.279062141589524	260.59961009025574
330	-19.0	-20.26627152017363	261.36143803596497
331	-21.0	-20.273608804971893	261.938933134079
332	-21.0	-20.280872716922175	262.7923069000244
333	-21.0	-20.288063989752953	263.46352219581604
334	-21.0	-20.295183349855424	264.13475799560547
335	-20.0	-20.292231516356868	264.87988781929016
336	-18.0	-20.2693092011933	265.8114581108093
337	-21.0	-20.276616109181365	266.54078912734985
338	-21.0	-20.283849948089554	267.2987849712372
339	-21.0	-20.291011448608657	268.0592541694641
340	-20.0	-20.28810133412257	268.7960419654846
341	-18.0	-20.265220320781342	269.636106967926
342	-21.0	-20.27256811757353	270.44915413856506
343	-21.0	-20.279842436397796	271.2102301120758
344	-21.0	-20.28704401203382	271.9223690032959
345	-21.0	-20.294173571913483	272.49794697761536
346	-21.0	-20.301231836194347	273.22065591812134
347	-20.0	-20.298219517832404	274.05607295036316
348	-20.0	-20.295237322654078	274.84247493743896
349	-21.0	-20.302284949427538	275.6537320613861
350	-18.0	-20.279262099933263	276.5444779396057
351	-21.0	-20.28646947893393	277.124862909317
352	-19.0	-20.27360478414459	277.89847707748413
353	-20.0	-20.270868736303147	278.74272298812866
354	-21.0	-20.278160048940116	279.49553990364075
355	-21.0	-20.285378448450714	280.1743440628052
356	-21.0	-20.29252466396621	280.85407423973083
357	-21.0	-20.299599417326547	281.7229151725769
358	-21.0	-20.306603423153284	282.4976508617401
359	-20.0	-20.30353738892175	283.2902112007141
360	-20.0	-20.30050201503253	284.23714995384216
361	-21.0	-20.307496994882207	284.9623050689697
362	-17.0	-20.274422024933386	286.01188707351685
363	-16.0	-20.231677804684054	286.9963450431824
364	-21.0	-20.239361026637216	287.84846901893616
365	-21.0	-20.246967416370843	288.6122980117798
366	-21.0	-20.254497742207136	289.28540205955505
367	-20.0	-20.251952764785063	290.1440451145172
368	-21.0	-20.259433237137213	290.8033220767975
369	-21.0	-20.26683890476584	291.6547751426697
370	-21.0	-20.274170515718183	292.4170320034027
371	-20.0	-20.271428810561	293.1587710380554
372	-20.0	-20.26871452245539	293.99584197998047
373	-18.0	-20.246027377230835	294.9288671016693
374	-21.0	-20.253567103458526	295.50779914855957
375	-21.0	-20.26103143242394	296.1690671443939
376	-20.0	-20.2584211180997	296.9241850376129
377	-21.0	-20.265836906918704	297.8571720123291
378	-21.0	-20.273178537849518	298.4799439907074
379	-19.0	-20.260446752471022	299.3850140571594
380	-20.0	-20.25784228494631	300.1290121078491
381	-20.0	-20.255263862096847	300.86705684661865
382	-21.0	-20.26271122347588	301.6265320777893
383	-16.0	-20.22008411124112	302.6461441516876
384	-21.0	-20.22788327012871	303.2661371231079
385	-21.0	-20.235604437427423	303.92603492736816
386	-19.0	-20.22324839305315	304.73351287841797
387	-21.0	-20.23101590912262	305.5755240917206
388	-20.0	-20.22870575003139	306.3669571876526
389	-18.0	-20.206418692531077	307.206001996994
390	-21.0	-20.214354505605765	307.9145929813385
391	-18.0	-20.19221096054971	308.9700291156769
392	-21.0	-20.20028885094421	309.64756894111633
393	-21.0	-20.20828596243477	310.27156615257263
394	-19.0	-20.196203102810422	311.13180708885193
395	-21.0	-20.20424107178232	311.93138313293457
396	-21.0	-20.212198661064498	312.60034680366516
397	-20.0	-20.210076674453852	313.4811248779297
398	-20.0	-20.20797590770931	314.35115909576416
399	-20.0	-20.205896148632217	315.0909900665283
400	-20.0	-20.203837187145893	315.83430910110474
401	-20.0	-20.201798815274433	316.86936616897583
402	-19.0	-20.18978082712169	317.72758197784424
403	-21.0	-20.197883018850476	318.4922559261322
404	-21.0	-20.20590418866197	319.24108600616455
405	-21.0	-20.213845146775352	319.94658517837524
406	-21.0	-20.2217066953076	320.7259600162506
407	-20.0	-20.219489628354523	321.5623118877411
408	-20.0	-20.21729473207098	322.42748403549194
409	-20.0	-20.215121784750266	323.1668748855591
410	-21.0	-20.222970566902763	323.7894170284271
411	-21.0	-20.230740861233738	324.4915599822998
412	-21.0	-20.2384334526214	325.1035590171814
413	-20.0	-20.236049118095185	325.8444859981537
414	-20.0	-20.233688626914233	326.62581300735474
415	-21.0	-20.24135174064509	327.4715700149536
416	-21.0	-20.24893822323864	328.3230059146881
417	-21.0	-20.256448841006254	329.2093279361725
418	-21.0	-20.263884352596193	329.9351170063019
419	-21.0	-20.271245509070233	330.7827332019806
420	-20.0	-20.26853305397953	331.5716290473938
421	-17.0	-20.235847723439736	332.7341980934143
422	-20.0	-20.233489246205338	333.6744430065155
423	-19.0	-20.221154353743284	334.5016670227051
424	-18.0	-20.19894281020585	335.52162313461304
425	-20.0	-20.19695338210379	336.26946997642517
426	-21.0	-20.20498384828275	336.89311480522156
427	-19.0	-20.192934009799924	337.7103989124298
428	-21.0	-20.201004669701923	338.2904598712921
429	-21.0	-20.208994623004905	339.1028389930725
430	-21.0	-20.216904676774856	339.86238384246826
431	-21.0	-20.224735630007107	340.5246341228485
432	-21.0	-20.232488273707038	341.19703698158264
433	-19.0	-20.22016339096997	342.01374793052673
434	-20.0	-20.21796175706027	342.89167499542236
435	-20.0	-20.215782139489665	343.77210807800293
436	-21.0	-20.223624318094767	344.5271279811859
437	-21.0	-20.23138807491382	345.37933707237244
438	-21.0	-20.239074194164683	346.00002884864807
439	-21.0	-20.24668345222304	346.71503806114197
440	-18.0	-20.224216617700808	347.6006557941437
441	-21.0	-20.2319744515238	348.2231249809265
442	-19.0	-20.219654707008562	349.16795110702515
443	-20.0	-20.217458159938477	349.86793303489685
444	-20.0	-20.21528357833909	350.73600602149963
445	-20.0	-20.2131307425557	351.57165598869324
446	-21.0	-20.220999435130143	352.1944410800934
447	-18.0	-20.19878944077884	353.1274781227112
448	-21.0	-20.20680154637105	353.97927618026733
449	-21.0	-20.214733530907342	354.7731521129608
450	-21.0	-20.222586195598268	355.6195158958435
451	-21.0	-20.230360333642285	356.3945960998535
452	-19.0	-20.218056730305864	357.2631139755249
453	-21.0	-20.225876163002805	357.9294819831848
454	-21.0	-20.23361740137278	358.5889070034027
455	-21.0	-20.241281227359053	359.3928589820862
456	-20.0	-20.238868415085463	360.1865248680115
457	-21.0	-20.24647973093461	360.8996810913086
458	-21.0	-20.254014933625264	361.57289600372314
459	-18.0	-20.23147478428901	362.4925470352173
460	-20.0	-20.229160036446117	363.3759660720825
461	-20.0	-20.226868436081656	364.37652707099915
462	-19.0	-20.21459975172084	365.23482608795166
463	-20.0	-20.21245375420363	365.93150997161865
464	-19.0	-20.200329216661594	366.6926279067993
465	-20.0	-20.198325924494977	367.4712109565735
466	-21.0	-20.206342665250027	368.2661929130554
467	-21.0	-20.214279238597527	368.9267110824585
468	-20.0	-20.212136446211552	369.6701760292053
469	-21.0	-20.220015081749438	370.37661600112915
470	-19.0	-20.207814930931946	371.3772370815277
471	-20.0	-20.205736781622626	372.2048029899597
472	-19.0	-20.1936794138064	373.14497113227844
473	-20.0	-20.191742619668336	373.88640117645264
474	-21.0	-20.199825193471654	374.5063591003418
475	-20.0	-20.197826941536935	375.4177460670471
476	-21.0	-20.205848672121565	376.07825994491577
477	-20.0	-20.203790185400347	376.8651509284973
478	-21.0	-20.211752283546346	377.43626284599304
479	-21.0	-20.219634760710882	378.09671092033386
480	-19.0	-20.207438413103773	378.93927097320557
481	-20.0	-20.205364028972735	379.66553497314453
482	-21.0	-20.21331038868301	380.3234860897064
483	-21.0	-20.22117728479618	381.0127890110016
484	-21.0	-20.228965511948218	381.854296207428
485	-20.0	-20.226675856828734	382.5449709892273
486	-21.0	-20.234409098260446	383.2505669593811
487	-18.0	-20.21206500727784	384.21484208106995
488	-19.0	-20.199944357205062	385.12165808677673
489	-20.0	-20.197944913633012	385.90264201164246
490	-18.0	-20.17596546449668	386.78331112861633
491	-20.0	-20.174205809851713	387.55629801750183
492	-20.0	-20.172463751753195	388.47326397895813
493	-21.0	-20.180739114235664	389.2297611236572
494	-19.0	-20.16893172309331	390.03216004371643
495	-17.0	-20.137242405862377	391.07841897010803
496	-19.0	-20.125869981803753	391.84166407585144
497	-21.0	-20.134611281985716	392.5926899909973
498	-18.0	-20.11326516916586	393.6572570800781
499	-21.0	-20.122132517474203	394.513592004776
500	-21.0	-20.13091119229946	395.13164806365967
