1	-20.0	-20.0	0.8588919639587402
2	-21.0	-20.01	1.6657090187072754
3	-21.0	-20.019900000000003	2.282520055770874
4	-21.0	-20.029701000000003	2.908388137817383
5	-21.0	-20.039403990000004	3.5755069255828857
6	-21.0	-20.049009950100004	4.296569108963013
7	-21.0	-20.058519850599005	5.064458131790161
8	-21.0	-20.067934652093015	5.872628927230835
9	-21.0	-20.077255305572084	6.595288038253784
10	-20.0	-20.076482752516362	7.282325029373169
11	-21.0	-20.0857179249912	7.988592147827148
12	-21.0	-20.09486074574129	8.647037982940674
13	-20.0	-20.093912138283876	9.520818948745728
14	-21.0	-20.10297301690104	10.269882202148438
15	-21.0	-20.11194328673203	11.018498182296753
16	-19.0	-20.10082385386471	11.850354194641113
17	-20.0	-20.09981561532606	12.535909175872803
18	-21.0	-20.1088174591728	13.194529056549072
19	-20.0	-20.107729284581072	13.978593111038208
20	-21.0	-20.116651991735264	14.866903066635132
21	-21.0	-20.12548547181791	15.525405883789062
22	-20.0	-20.12423061709973	16.306482315063477
23	-20.0	-20.122988310928733	17.00241208076477
24	-18.0	-20.101758427819444	17.969228982925415
25	-20.0	-20.10074084354125	18.665592193603516
26	-19.0	-20.08973343510584	19.473522901535034
27	-18.0	-20.06883610075478	20.493385076522827
28	-19.0	-20.058147739747234	21.395586013793945
29	-21.0	-20.06756626234976	22.150811195373535
30	-21.0	-20.076890599726262	22.950634956359863
31	-21.0	-20.086121693729	23.790184020996094
32	-21.0	-20.09526047679171	24.450908184051514
33	-21.0	-20.104307872023796	25.38443112373352
34	-21.0	-20.113264793303557	26.091930150985718
35	-19.0	-20.102132145370522	26.903292179107666
36	-21.0	-20.111110823916817	27.62246012687683
37	-20.0	-20.10999971567765	28.470712184906006
38	-20.0	-20.10889971852087	29.170023918151855
39	-21.0	-20.117810721335662	29.837963104248047
40	-20.0	-20.116632614122306	30.71962594985962
41	-20.0	-20.115466287981082	31.502801179885864
42	-21.0	-20.12431162510127	32.07361197471619
43	-21.0	-20.133068508850258	32.83121991157532
44	-20.0	-20.131737823761753	33.96906018257141
45	-21.0	-20.140420445524136	34.68911695480347
46	-19.0	-20.129016241068896	35.727922201156616
47	-21.0	-20.137726078658208	36.52707815170288
48	-21.0	-20.146348817871626	37.29324412345886
49	-20.0	-20.144885329692908	38.11673402786255
50	-21.0	-20.153436476395978	39.00634503364563
51	-20.0	-20.15190211163202	39.825552225112915
52	-17.0	-20.120383090515702	40.775694131851196
53	-18.0	-20.099179259610544	41.729257106781006
54	-20.0	-20.098187467014437	42.45793318748474
55	-21.0	-20.107205592344293	43.246894121170044
56	-18.0	-20.08613353642085	44.083356857299805
57	-19.0	-20.07527220105664	44.99278903007507
58	-20.0	-20.074519479046074	45.77172827720642
59	-19.0	-20.063774284255615	46.67544507980347
60	-20.0	-20.06313654141306	47.45803117752075
61	-19.0	-20.052505175998927	48.57859826087952
62	-20.0	-20.051980124238938	49.497385025024414
63	-21.0	-20.06146032299655	50.15494132041931
64	-21.0	-20.070845719766584	50.87218713760376
65	-18.0	-20.050137262568917	51.79365611076355
66	-19.0	-20.03963588994323	52.54871392250061
67	-21.0	-20.0492395310438	53.302064180374146
68	-18.0	-20.02874713573336	54.141473054885864
69	-21.0	-20.038459664376028	54.859395027160645
70	-21.0	-20.048075067732267	55.52715802192688
71	-21.0	-20.057594317054946	56.237553119659424
72	-20.0	-20.057018373884397	57.01230812072754
73	-21.0	-20.066448190145554	57.71925616264343
74	-18.0	-20.045783708244098	58.652722120285034
75	-19.0	-20.035325871161657	59.50386619567871
76	-20.0	-20.03497261245004	60.33751130104065
77	-21.0	-20.04462288632554	61.008564949035645
78	-21.0	-20.054176657462286	61.57900595664978
79	-21.0	-20.063634890887663	62.20688796043396
80	-21.0	-20.072998541978787	62.91960406303406
81	-20.0	-20.072268556559	63.83206605911255
82	-21.0	-20.08154587099341	64.54413604736328
83	-20.0	-20.080730412283476	65.28789019584656
84	-20.0	-20.07992310816064	66.29768013954163
85	-19.0	-20.069123877079033	67.1006829738617
86	-21.0	-20.078432638308243	67.76403307914734
87	-21.0	-20.08764831192516	68.42872214317322
88	-20.0	-20.086771828805908	69.21919202804565
89	-20.0	-20.08590411051785	70.09148502349854
90	-21.0	-20.09504506941267	70.88842010498047
91	-20.0	-20.094094618718543	71.96573901176453
92	-21.0	-20.10315367253136	72.67424607276917
93	-20.0	-20.102122135806045	73.59068608283997
94	-21.0	-20.111100914447984	74.26622700691223
95	-17.0	-20.079989905303506	75.16903710365295
96	-21.0	-20.089190006250472	75.97362303733826
97	-19.0	-20.07829810618797	76.96396017074585
98	-21.0	-20.08751512512609	77.85406517982483
99	-21.0	-20.09663997387483	78.47201824188232
100	-20.0	-20.09567357413608	79.24825119972229
101	-21.0	-20.10471683839472	80.00036096572876
102	-21.0	-20.113669670010772	80.61362504959106
103	-21.0	-20.122532973310665	81.37539720535278
104	-21.0	-20.13130764357756	81.94953393936157
105	-20.0	-20.129994567141782	82.67847394943237
106	-21.0	-20.138694621470364	83.34711503982544
107	-21.0	-20.14730767525566	84.0402512550354
108	-20.0	-20.145834598503104	84.77450919151306
109	-20.0	-20.14437625251807	85.51278710365295
110	-21.0	-20.152932489992892	86.17138409614563
111	-21.0	-20.161403165092963	86.88286519050598
112	-19.0	-20.149789133442034	87.749840259552
113	-21.0	-20.158291242107616	88.50591611862183
114	-21.0	-20.16670832968654	89.36130714416504
115	-20.0	-20.165041246389674	90.06345915794373
116	-21.0	-20.173390833925776	90.82683801651001
117	-21.0	-20.18165692558652	91.52962613105774
118	-21.0	-20.189840356330656	92.28240728378296
119	-19.0	-20.177941952767352	93.24215507507324
120	-20.0	-20.176162533239676	94.05001401901245
121	-20.0	-20.174400907907277	94.83364009857178
122	-21.0	-20.182656898828206	95.50131297111511
123	-20.0	-20.180830329839925	96.3330249786377
124	-21.0	-20.189022026541526	97.10404825210571
125	-21.0	-20.19713180627611	97.75561308860779
126	-21.0	-20.20516048821335	98.50805616378784
127	-21.0	-20.21310888333122	99.17850494384766
128	-20.0	-20.210977794497907	100.04615712165833
129	-18.0	-20.188868016552927	101.08236527442932
130	-21.0	-20.1969793363874	101.79395008087158
131	-19.0	-20.18500954302353	102.60147500038147
132	-19.0	-20.173159447593296	103.49821305274963
133	-21.0	-20.181427853117363	104.2522120475769
134	-19.0	-20.16961357458619	105.19265007972717
135	-21.0	-20.17791743884033	105.85573291778564
136	-20.0	-20.176138264451925	106.5449640750885
137	-20.0	-20.174376881807405	107.60009026527405
138	-21.0	-20.182633112989333	108.3069920539856
139	-19.0	-20.17080678185944	109.07392406463623
140	-21.0	-20.179098714040848	109.74813413619995
141	-21.0	-20.18730772690044	110.5632381439209
142	-21.0	-20.195434649631434	111.14374709129333
143	-17.0	-20.16348030313512	112.22813010215759
144	-20.0	-20.16184550010377	113.19300293922424
145	-18.0	-20.14022704510273	114.02291202545166
146	-19.0	-20.128824774651704	114.87271404266357
147	-20.0	-20.127536526905185	115.6885941028595
148	-20.0	-20.126261161636133	116.37277698516846
149	-20.0	-20.12499855001977	117.0989933013916
150	-21.0	-20.133748564519575	117.71582412719727
151	-19.0	-20.12241107887438	118.56523108482361
152	-21.0	-20.131186968085636	119.31665301322937
153	-20.0	-20.129875098404778	120.14229702949524
154	-19.0	-20.11857634742073	120.9880440235138
155	-21.0	-20.127390583946525	121.78700423240662
156	-21.0	-20.13611667810706	122.36269688606262
157	-21.0	-20.144755511325993	123.07247424125671
158	-21.0	-20.153307956212736	123.82536292076111
159	-21.0	-20.161774876650608	124.48504400253296
160	-18.0	-20.140157127884102	125.44471311569214
161	-21.0	-20.148755556605263	126.1904730796814
162	-19.0	-20.13726800103921	127.11844396591187
163	-21.0	-20.145895321028817	127.78189325332642
164	-21.0	-20.15443636781853	128.62097215652466
165	-21.0	-20.162892004140346	129.3341839313507
166	-20.0	-20.16126308409894	130.10494303703308
167	-21.0	-20.16965045325795	130.76380109786987
168	-19.0	-20.15795394872537	131.59901595115662
169	-19.0	-20.146374409238117	132.49342107772827
170	-21.0	-20.154910665145735	133.116553068161
171	-21.0	-20.163361558494277	133.83571314811707
172	-21.0	-20.171727942909335	134.56756925582886
173	-21.0	-20.180010663480243	135.41167211532593
174	-21.0	-20.18821055684544	136.1971161365509
175	-20.0	-20.186328451276985	136.9956841468811
176	-20.0	-20.184465166764216	137.66386008262634
177	-21.0	-20.192620515096575	138.309504032135
178	-20.0	-20.19069430994561	139.13066387176514
179	-20.0	-20.188787366846153	139.90999293327332
180	-20.0	-20.18689949317769	140.69130396842957
181	-20.0	-20.185030498245915	141.52196311950684
182	-21.0	-20.193180193263455	142.18460488319397
183	-21.0	-20.20124839133082	142.93843722343445
184	-19.0	-20.189235907417515	143.78601217269897
185	-21.0	-20.19734354834334	144.44571805000305
186	-21.0	-20.205370112859907	145.3419051170349
187	-21.0	-20.21331641173131	146.00509119033813
188	-20.0	-20.211183247613995	146.68485403060913
189	-17.0	-20.179071415137855	147.61372590065002
190	-20.0	-20.177280700986476	148.31956005096436
191	-18.0	-20.155507893976612	149.22242832183838
192	-19.0	-20.143952815036847	150.06368899345398
193	-21.0	-20.152513286886478	150.66921496391296
194	-21.0	-20.160988154017613	151.33163118362427
195	-21.0	-20.169378272477438	151.9392671585083
196	-20.0	-20.167684489752663	152.6663212776184
197	-21.0	-20.176007644855137	153.4163739681244
198	-21.0	-20.184247568406587	154.1254460811615
199	-20.0	-20.18240509272252	154.95098328590393
200	-19.0	-20.170581041795295	155.71109199523926
201	-21.0	-20.178875231377344	156.42880630493164
202	-21.0	-20.18708647906357	156.99648118019104
203	-21.0	-20.195215614272936	157.80660104751587
204	-21.0	-20.203263458130206	158.57668209075928
205	-21.0	-20.211230823548902	159.23397397994995
206	-20.0	-20.209118515313413	160.0059940814972
207	-21.0	-20.21702733016028	160.80121326446533
208	-21.0	-20.224857056858678	161.3975911140442
209	-21.0	-20.232608486290093	162.06056714057922
210	-21.0	-20.240282401427194	162.72026801109314
211	-21.0	-20.247879577412924	163.4867582321167
212	-21.0	-20.255400781638794	164.13045716285706
213	-21.0	-20.262846773822407	164.72831511497498
214	-18.0	-20.24021830608418	165.90727305412292
215	-21.0	-20.24781612302334	166.70721626281738
216	-20.0	-20.24533796179311	167.48213028907776
217	-19.0	-20.232884582175178	168.23703813552856
218	-20.0	-20.230555736353423	168.9228150844574
219	-20.0	-20.22825017898989	169.56122016906738
220	-20.0	-20.22596767719999	170.33436012268066
221	-21.0	-20.23370800042799	171.03697419166565
222	-19.0	-20.22137092042371	171.9304802417755
223	-20.0	-20.21915721121947	172.75160217285156
224	-21.0	-20.226965639107277	173.41777205467224
225	-19.0	-20.214695982716204	174.25164532661438
226	-20.0	-20.212549022889043	174.92369508743286
227	-20.0	-20.21042353266015	175.64067006111145
228	-17.0	-20.17831929733355	176.52174997329712
229	-20.0	-20.176536104360217	177.28227710723877
230	-21.0	-20.184770743316616	177.9287281036377
231	-20.0	-20.182923035883448	178.8192970752716
232	-21.0	-20.191093805524613	179.55491614341736
233	-20.0	-20.189182867469366	180.27638506889343
234	-19.0	-20.177291038794674	181.07249999046326
235	-20.0	-20.175518128406726	181.97398209571838
236	-19.0	-20.16376294712266	182.92090702056885
237	-20.0	-20.162125317651434	183.6392481327057
238	-21.0	-20.17050406447492	184.252032995224
239	-21.0	-20.17879902383017	184.95329904556274
240	-19.0	-20.16701103359187	185.77700304985046
241	-19.0	-20.155340923255952	186.55543303489685
242	-19.0	-20.143787514023394	187.40582704544067
243	-20.0	-20.14234963888316	188.1100091934204
244	-20.0	-20.14092614249433	188.80197024345398
245	-19.0	-20.12951688106939	189.7818260192871
246	-20.0	-20.128221712258693	190.46899104118347
247	-20.0	-20.126939495136106	191.22318410873413
248	-21.0	-20.135670100184747	192.1153872013092
249	-20.0	-20.134313399182897	192.90299320220947
250	-21.0	-20.142970265191067	193.7963399887085
251	-20.0	-20.141540562539156	194.53229808807373
252	-21.0	-20.150125156913766	195.1930103302002
253	-21.0	-20.15862390534463	195.89731621742249
254	-21.0	-20.167037666291183	196.51233196258545
255	-20.0	-20.16536728962827	197.28399515151978
256	-21.0	-20.17371361673199	198.0418450832367
257	-21.0	-20.18197648056467	198.79320812225342
258	-20.0	-20.180156715759022	199.56521916389465
259	-21.0	-20.18835514860143	200.1393620967865
260	-21.0	-20.19647159711542	200.7522041797638
261	-20.0	-20.194506881144264	201.52599716186523
262	-21.0	-20.20256181233282	202.22998309135437
263	-20.0	-20.20053619420949	202.93030619621277
264	-21.0	-20.208530832267396	203.73568511009216
265	-18.0	-20.186445523944723	204.652930021286
266	-20.0	-20.184581068705274	205.43169403076172
267	-19.0	-20.17273525801822	206.23432111740112
268	-20.0	-20.17100790543804	206.97405695915222
269	-20.0	-20.16929782638366	207.85780501365662
270	-21.0	-20.177604848119824	208.74025797843933
271	-21.0	-20.185828799638625	209.38734698295593
272	-19.0	-20.17397051164224	210.212806224823
273	-21.0	-20.182230806525816	210.81884813308716
274	-21.0	-20.19040849846056	211.59573030471802
275	-21.0	-20.198504413475955	212.23163509368896
276	-20.0	-20.196519369341196	213.02225708961487
277	-17.0	-20.164554175647787	214.13132524490356
278	-18.0	-20.14290863389131	215.0151960849762
279	-21.0	-20.1514795475524	215.6787121295929
280	-21.0	-20.159964752076874	216.303640127182
281	-21.0	-20.168365104556106	217.09951901435852
282	-21.0	-20.176681453510547	217.85204315185547
283	-21.0	-20.184914638975442	218.52442812919617
284	-21.0	-20.19306549258569	219.1392161846161
285	-21.0	-20.201134837659833	219.71596002578735
286	-20.0	-20.199123489283235	220.5464210510254
287	-21.0	-20.2071322543904	221.19239497184753
288	-20.0	-20.205060931846496	222.01464009284973
289	-20.0	-20.20301032252803	222.78854823112488
290	-21.0	-20.21098021930275	223.50320315361023
291	-21.0	-20.218870417109724	224.31068325042725
292	-20.0	-20.216681712938627	225.26544713974
293	-21.0	-20.22451489580924	225.9335401058197
294	-19.0	-20.21226974685115	226.69682621955872
295	-20.0	-20.210147049382638	227.4820761680603
296	-21.0	-20.218045578888812	228.344083070755
297	-20.0	-20.215865123099924	229.41350412368774
298	-20.0	-20.213706471868925	230.16133618354797
299	-21.0	-20.221569407150238	230.85441517829895
300	-20.0	-20.219353713078736	231.62453722953796
301	-19.0	-20.207160175947948	232.52102208137512
302	-21.0	-20.21508857418847	233.22294306755066
303	-21.0	-20.222937688446585	233.95579314231873
304	-20.0	-20.220708311562117	234.70263195037842
305	-21.0	-20.228501228446497	235.46701407432556
306	-21.0	-20.23621621616203	236.09573912620544
307	-20.0	-20.23385405400041	236.8043031692505
308	-20.0	-20.231515513460405	237.50600409507751
309	-20.0	-20.2292003583258	238.20222210884094
310	-21.0	-20.236908354742543	239.02667427062988
311	-20.0	-20.234539271195118	239.7725760936737
312	-21.0	-20.242193878483167	240.58127808570862
313	-21.0	-20.249771939698338	241.25393104553223
314	-20.0	-20.247274220301353	242.1804871559143
315	-21.0	-20.25480147809834	242.80193424224854
316	-20.0	-20.252253463317356	243.594162940979
317	-20.0	-20.24973092868418	244.4517629146576
318	-20.0	-20.24723361939734	245.28098011016846
319	-20.0	-20.244761283203363	246.10827612876892
320	-21.0	-20.25231367037133	246.77017903327942
321	-21.0	-20.259790533667616	247.38851404190063
322	-20.0	-20.257192628330937	248.37691593170166
323	-20.0	-20.254620702047628	249.07588005065918
324	-20.0	-20.252074495027152	249.77973818778992
325	-21.0	-20.259553750076883	250.49023628234863
326	-20.0	-20.256958212576112	251.34691214561462
327	-21.0	-20.26438863045035	252.14738416671753
328	-19.0	-20.25174474414585	253.04398894309998
329	-21.0	-20.259227296704392	253.93699312210083
330	-20.0	-20.256635023737346	254.73137831687927
331	-20.0	-20.254068673499972	255.5638279914856
332	-21.0	-20.261527986764975	256.3129360675812
333	-21.0	-20.268912706897325	257.0305132865906
334	-21.0	-20.276223579828354	257.660737991333
335	-21.0	-20.283461344030073	258.33270502090454
336	-19.0	-20.270626730589772	259.19459414482117
337	-21.0	-20.277920463283873	259.86467003822327
338	-21.0	-20.285141258651034	260.5795361995697
339	-21.0	-20.292289846064524	261.20576524734497
340	-20.0	-20.289366947603877	262.1329998970032
341	-21.0	-20.296473278127838	262.7972300052643
342	-20.0	-20.29350854534656	263.52249217033386
343	-21.0	-20.300573459893094	264.42602705955505
344	-20.0	-20.29756772529416	265.26392006874084
345	-21.0	-20.304592048041222	265.98839116096497
346	-21.0	-20.31154612756081	266.61807107925415
347	-20.0	-20.3084306662852	267.4929940700531
348	-19.0	-20.29534635962235	268.34307503700256
349	-21.0	-20.302392896026127	269.0628731250763
350	-21.0	-20.30936896706587	269.91236305236816
351	-19.0	-20.29627527739521	270.8189311027527
352	-20.0	-20.293312524621257	271.8347930908203
353	-21.0	-20.300379399375046	272.5129840373993
354	-20.0	-20.297375605381294	273.2951810359955
355	-20.0	-20.294401849327482	274.1253750324249
356	-20.0	-20.291457830834204	274.8155641555786
357	-21.0	-20.298543252525864	275.5287470817566
358	-19.0	-20.285557820000605	276.3386900424957
359	-21.0	-20.2927022418006	277.0444641113281
360	-19.0	-20.279775219382596	277.84316205978394
361	-21.0	-20.28697746718877	278.56680393218994
362	-19.0	-20.274107692516882	279.56050992012024
363	-19.0	-20.261366615591715	280.31827211380005
364	-21.0	-20.2687529494358	281.1419429779053
365	-21.0	-20.276065419941443	281.90221118927
366	-20.0	-20.273304765742026	282.73376202583313
367	-21.0	-20.280571718084605	283.31541299819946
368	-20.0	-20.277766000903757	284.0501091480255
369	-21.0	-20.28498834089472	284.6319282054901
370	-18.0	-20.262138457485772	285.6127710342407
371	-20.0	-20.259517072910914	286.47331619262695
372	-19.0	-20.246921902181807	287.27808713912964
373	-20.0	-20.244452683159988	288.2034320831299
374	-21.0	-20.25200815632839	288.8661210536957
375	-21.0	-20.259488074765105	289.5855531692505
376	-20.0	-20.256893194017454	290.45225405693054
377	-19.0	-20.24432426207728	291.2112829685211
378	-21.0	-20.25188101945651	291.97947216033936
379	-20.0	-20.249362209261943	292.8094642162323
380	-20.0	-20.246868587169324	293.6240282058716
381	-20.0	-20.24439990129763	294.4453001022339
382	-20.0	-20.24195590228465	295.13359212875366
383	-19.0	-20.229536343261806	295.90175795555115
384	-21.0	-20.23724097982919	296.7874631881714
385	-21.0	-20.244868570030896	297.58791399002075
386	-21.0	-20.25241988433059	298.2483992576599
387	-19.0	-20.239895685487284	299.0054590702057
388	-20.0	-20.23749672863241	299.84351205825806
389	-21.0	-20.245121761346088	300.415420293808
390	-19.0	-20.232670543732628	301.3556880950928
391	-21.0	-20.240343838295303	301.9686191082001
392	-20.0	-20.23794039991235	302.6647810935974
393	-21.0	-20.245560995913227	303.4597692489624
394	-21.0	-20.253105385954097	304.44138503074646
395	-21.0	-20.260574332094556	305.1458549499512
396	-21.0	-20.267968588773613	305.9537100791931
397	-21.0	-20.275288902885876	306.6146731376648
398	-21.0	-20.28253601385702	307.2856321334839
399	-21.0	-20.289710653718448	308.0072340965271
400	-21.0	-20.296813547181262	308.63465905189514
401	-21.0	-20.30384541170945	309.35096406936646
402	-18.0	-20.280806957592354	310.1827552318573
403	-21.0	-20.287998888016432	310.9346821308136
404	-21.0	-20.29511889913627	311.75902915000916
405	-20.0	-20.292167710144906	312.6643691062927
406	-20.0	-20.289246033043455	313.43804001808167
407	-20.0	-20.28635357271302	314.1199131011963
408	-17.0	-20.25349003698589	315.3385269641876
409	-21.0	-20.260955136616033	316.097363948822
410	-21.0	-20.268345585249875	316.8064420223236
411	-21.0	-20.27566212939738	317.6566672325134
412	-21.0	-20.282905508103404	318.31665992736816
413	-21.0	-20.290076453022373	318.97906827926636
414	-21.0	-20.29717568849215	319.6875581741333
415	-21.0	-20.30420393160723	320.6203751564026
416	-21.0	-20.311161892291157	321.2888078689575
417	-21.0	-20.318050273368247	322.1401960849762
418	-21.0	-20.324869770634564	322.9367060661316
419	-21.0	-20.33162107292822	323.6466040611267
420	-21.0	-20.338304862198935	324.4966289997101
421	-17.0	-20.304921813576946	325.4954149723053
422	-21.0	-20.311872595441177	326.16056513786316
423	-21.0	-20.318753869486766	326.87094497680664
424	-21.0	-20.3255663307919	327.6708490848541
425	-21.0	-20.332310667483984	328.416757106781
426	-18.0	-20.308987560809143	329.256413936615
427	-21.0	-20.31589768520105	329.9611599445343
428	-19.0	-20.302738708349043	330.8266670703888
429	-17.0	-20.269711321265554	332.2385141849518
430	-20.0	-20.2670142080529	333.0228281021118
431	-21.0	-20.27434406597237	333.6382939815521
432	-20.0	-20.271600625312647	334.37361216545105
433	-20.0	-20.26888461905952	335.2805461883545
434	-19.0	-20.256195772868924	336.047354221344
435	-21.0	-20.263633815140235	336.6724810600281
436	-19.0	-20.250997476988832	337.52792024612427
437	-21.0	-20.258487502218944	338.3747310638428
438	-17.0	-20.225902627196756	339.41810727119446
439	-21.0	-20.23364360092479	340.1681261062622
440	-21.0	-20.241307164915543	340.82932209968567
441	-20.0	-20.23889409326639	341.73008012771606
442	-21.0	-20.246505152333725	342.3055281639099
443	-20.0	-20.244040100810388	342.9907081127167
444	-18.0	-20.221599699802283	344.0902352333069
445	-21.0	-20.22938370280426	344.90463423728943
446	-21.0	-20.237089865776216	345.5735402107239
447	-21.0	-20.244718967118455	346.20171427726746
448	-20.0	-20.24227177744727	346.8935601711273
449	-21.0	-20.2498490596728	347.6494200229645
450	-21.0	-20.257350569076074	348.36287212371826
451	-20.0	-20.254777063385312	349.2316370010376
452	-21.0	-20.26222929275146	349.8553819656372
453	-21.0	-20.269606999823946	350.5657069683075
454	-21.0	-20.276910929825707	351.36919021606445
455	-20.0	-20.27414182052745	352.20499300956726
456	-19.0	-20.261400402322177	353.0564169883728
457	-20.0	-20.258786398298955	353.8323509693146
458	-20.0	-20.256198534315963	354.5217661857605
459	-21.0	-20.263636548972805	355.1485741138458
460	-21.0	-20.27100018348308	355.85675501823425
461	-20.0	-20.268290181648247	356.552757024765
462	-21.0	-20.275607279831764	357.43844509124756
463	-21.0	-20.282851207033445	358.1890161037445
464	-21.0	-20.290022694963113	358.7581241130829
465	-21.0	-20.297122468013484	359.41721510887146
466	-21.0	-20.30415124333335	360.17768120765686
467	-20.0	-20.301109730900016	361.0040690898895
468	-21.0	-20.308098633591015	361.8568711280823
469	-21.0	-20.315017647255107	362.6122932434082
470	-21.0	-20.321867470782557	363.2324640750885
471	-21.0	-20.32864879607473	363.93710708618164
472	-21.0	-20.335362308113986	364.6423931121826
473	-21.0	-20.342008685032848	365.40628814697266
474	-20.0	-20.33858859818252	366.1971740722656
475	-19.0	-20.325202712200696	367.0587410926819
476	-20.0	-20.321950685078686	367.8842580318451
477	-20.0	-20.3187311782279	368.80735206604004
478	-21.0	-20.32554386644562	369.5163221359253
479	-21.0	-20.332288427781165	370.1773281097412
480	-21.0	-20.338965543503356	370.8831579685211
481	-21.0	-20.345575888068325	371.61657214164734
482	-21.0	-20.352120129187643	372.27681612968445
483	-19.0	-20.338598927895767	373.031042098999
484	-21.0	-20.34521293861681	373.78836822509766
485	-19.0	-20.331760809230644	374.54845690727234
486	-20.0	-20.328443201138338	375.2426161766052
487	-20.0	-20.325158769126954	376.01896595954895
488	-20.0	-20.321907181435684	376.8466422557831
489	-19.0	-20.30868810962133	377.7959690093994
490	-19.0	-20.29560122852512	378.74086809158325
491	-21.0	-20.302645216239867	379.4910171031952
492	-17.0	-20.26961876407747	380.4839012622833
493	-21.0	-20.276922576436696	381.10559010505676
494	-20.0	-20.27415335067233	381.8489611148834
495	-20.0	-20.271411817165603	382.6314959526062
496	-21.0	-20.27869769899395	383.43334197998047
497	-21.0	-20.285910722004008	384.19919514656067
498	-18.0	-20.26305161478397	385.0729310512543
499	-21.0	-20.27042109863613	385.7011749744415
500	-21.0	-20.27771688764977	386.4176950454712
