1	-20.0	-20.0	0.9032790660858154
2	-17.0	-19.970000000000002	1.9050381183624268
3	-19.0	-19.960300000000004	2.7128140926361084
4	-19.0	-19.950697000000005	3.549147129058838
5	-21.0	-19.961190030000004	4.17132306098938
6	-20.0	-19.961578129700005	4.963284969329834
7	-19.0	-19.951962348403004	5.910354852676392
8	-21.0	-19.962442724918976	6.527540922164917
9	-20.0	-19.962818297669784	7.313382863998413
10	-21.0	-19.973190114693086	8.079923868179321
11	-20.0	-19.973458213546156	8.8191659450531
12	-21.0	-19.983723631410694	9.570995807647705
13	-20.0	-19.983886395096587	10.448540925979614
14	-21.0	-19.994047531145622	11.070613861083984
15	-21.0	-20.004107055834165	11.78716492652893
16	-20.0	-20.004065985275822	12.571835041046143
17	-21.0	-20.014025325423066	13.34375286102295
18	-21.0	-20.023885072168838	14.055625915527344
19	-21.0	-20.03364622144715	14.815338850021362
20	-18.0	-20.013309759232676	15.88204312324524
21	-21.0	-20.02317666164035	16.50440812110901
22	-21.0	-20.032944895023945	17.218859910964966
23	-21.0	-20.042615446073707	17.932361841201782
24	-20.0	-20.04218929161297	18.673780918121338
25	-21.0	-20.051767398696843	19.34944987297058
26	-19.0	-20.041249724709875	20.109528064727783
27	-20.0	-20.040837227462774	20.938596963882446
28	-21.0	-20.050428855188148	21.700820922851562
29	-20.0	-20.049924566636264	22.485754013061523
30	-19.0	-20.0394253209699	23.255125045776367
31	-21.0	-20.049031067760204	23.92402195930481
32	-21.0	-20.058540757082604	24.869683980941772
33	-19.0	-20.047955349511778	25.775846004486084
34	-19.0	-20.03747579601666	26.692568063735962
35	-21.0	-20.047101038056496	27.364625930786133
36	-21.0	-20.056630027675933	28.164923191070557
37	-20.0	-20.056063727399174	28.956061840057373
38	-21.0	-20.065503090125183	29.554080963134766
39	-21.0	-20.074848059223932	30.242480039596558
40	-21.0	-20.084099578631694	30.969038009643555
41	-21.0	-20.093258582845376	31.543291807174683
42	-21.0	-20.102325997016923	32.39969301223755
43	-21.0	-20.111302737046753	33.09049606323242
44	-21.0	-20.120189709676286	33.672866106033325
45	-21.0	-20.128987812579524	34.4344277381897
46	-20.0	-20.127697934453728	35.31133580207825
47	-20.0	-20.12642095510919	36.15156817436218
48	-21.0	-20.1351567455581	36.952314138412476
49	-21.0	-20.143805178102518	37.664982080459595
50	-20.0	-20.142367126321492	38.45077395439148
51	-21.0	-20.15094345505828	39.11980700492859
52	-21.0	-20.159434020507696	39.83763885498047
53	-21.0	-20.16783968030262	40.55498218536377
54	-17.0	-20.136161283499597	41.64368414878845
55	-21.0	-20.1447996706646	42.401424169540405
56	-21.0	-20.153351673957953	43.086397886276245
57	-17.0	-20.121818157218375	44.05307388305664
58	-21.0	-20.13059997564619	44.7749810218811
59	-20.0	-20.12929397588973	45.610816955566406
60	-21.0	-20.138001036130834	46.42309093475342
61	-21.0	-20.146621025769527	47.08940315246582
62	-20.0	-20.14515481551183	48.00940990447998
63	-18.0	-20.12370326735671	48.98358392715454
64	-21.0	-20.132466234683143	49.559988021850586
65	-21.0	-20.141141572336313	50.227686166763306
66	-21.0	-20.14973015661295	50.89082908630371
67	-17.0	-20.118232855046823	52.03155303001404
68	-21.0	-20.127050526496355	52.73776197433472
69	-21.0	-20.13578002123139	53.685813903808594
70	-21.0	-20.144422221019077	54.40568494796753
71	-20.0	-20.142977998808885	55.14519000053406
72	-21.0	-20.151548218820796	55.81183886528015
73	-17.0	-20.120032736632588	56.75150108337402
74	-21.0	-20.128832409266263	57.50590991973877
75	-21.0	-20.1375440851736	58.17978286743164
76	-21.0	-20.146168644321865	58.8948757648468
77	-17.0	-20.114706957878646	59.88364791870117
78	-21.0	-20.12355988829986	60.69476914405823
79	-20.0	-20.12232428941686	61.57827615737915
80	-18.0	-20.10110104652269	62.55233407020569
81	-19.0	-20.090090036057465	63.39481592178345
82	-21.0	-20.09918913569689	64.06577897071838
83	-19.0	-20.08819724433992	64.835294008255
84	-21.0	-20.097315271896523	65.54601383209229
85	-18.0	-20.076342119177557	66.476145029068
86	-20.0	-20.07557869798578	67.44670295715332
87	-18.0	-20.05482291100592	68.33460807800293
88	-19.0	-20.044274681895864	69.32278609275818
89	-21.0	-20.053831935076907	69.99158811569214
90	-21.0	-20.06329361572614	70.57004904747009
91	-19.0	-20.052660679568877	71.34041285514832
92	-21.0	-20.06213407277319	72.11179375648499
93	-20.0	-20.061512732045458	72.85395407676697
94	-21.0	-20.070897604725005	73.47205901145935
95	-21.0	-20.080188628677757	74.23615097999573
96	-20.0	-20.079386742390977	75.01678109169006
97	-19.0	-20.068592874967067	75.8772988319397
98	-21.0	-20.077906946217396	76.63707375526428
99	-20.0	-20.07712787675522	77.41835904121399
100	-18.0	-20.05635659798767	78.39395594596863
101	-21.0	-20.065793032007793	79.01128602027893
102	-21.0	-20.075135101687717	79.63023209571838
103	-21.0	-20.084383750670842	80.48009586334229
104	-21.0	-20.093539913164133	81.10006594657898
105	-21.0	-20.102604514032492	81.71418499946594
106	-20.0	-20.101578468892168	82.62649011611938
107	-21.0	-20.110562684203245	83.205148935318
108	-21.0	-20.119457057361213	83.83124876022339
109	-21.0	-20.1282624867876	84.58939003944397
110	-21.0	-20.136979861919727	85.25861191749573
111	-20.0	-20.13561006330053	86.08795213699341
112	-21.0	-20.144253962667523	86.68382692337036
113	-18.0	-20.122811423040847	87.52398490905762
114	-21.0	-20.131583308810438	88.3320198059082
115	-20.0	-20.13026747572233	89.16368508338928
116	-20.0	-20.128964800965107	89.99907302856445
117	-21.0	-20.137675152955456	90.62108492851257
118	-20.0	-20.1362984014259	91.4449257850647
119	-20.0	-20.13493541741164	92.14845418930054
120	-20.0	-20.133586063237523	93.00588893890381
121	-19.0	-20.122250202605148	94.04597091674805
122	-21.0	-20.131027700579097	94.75934314727783
123	-21.0	-20.139717423573305	95.38349795341492
124	-21.0	-20.148320249337573	96.00977897644043
125	-21.0	-20.1568370468442	96.68742799758911
126	-21.0	-20.165268676375756	97.39931201934814
127	-20.0	-20.163615989611998	98.18111109733582
128	-21.0	-20.171979829715877	98.89418482780457
129	-21.0	-20.18026003141872	99.60835099220276
130	-21.0	-20.18845743110453	100.54717683792114
131	-20.0	-20.186572856793486	101.56450200080872
132	-21.0	-20.194707128225552	102.2766478061676
133	-21.0	-20.202760056943298	102.98815512657166
134	-21.0	-20.210732456373865	103.70578980445862
135	-21.0	-20.21862513181013	104.4179470539093
136	-21.0	-20.22643888049203	105.22630286216736
137	-21.0	-20.23417449168711	105.89332389831543
138	-20.0	-20.231832746770237	106.68120384216309
139	-19.0	-20.219514419302538	107.52704000473022
140	-19.0	-20.207319275109512	108.33869695663452
141	-21.0	-20.21524608235842	109.04826593399048
142	-21.0	-20.223093621534836	109.76971888542175
143	-20.0	-20.22086268531949	110.70267581939697
144	-20.0	-20.218654058466292	111.44423699378967
145	-20.0	-20.21646751788163	112.1876950263977
146	-17.0	-20.184302842702813	113.19140982627869
147	-21.0	-20.192459814275786	113.81349492073059
148	-21.0	-20.20053521613303	114.7192108631134
149	-20.0	-20.1985298639717	115.59598994255066
150	-19.0	-20.186544565331985	116.54953002929688
151	-21.0	-20.194679119678668	117.40569591522217
152	-21.0	-20.202732328481883	118.17152500152588
153	-18.0	-20.180705005197062	119.19188809394836
154	-21.0	-20.18889795514509	119.85481190681458
155	-21.0	-20.19700897559364	120.52060794830322
156	-21.0	-20.205038885837705	121.32825708389282
157	-20.0	-20.202988496979327	122.29946804046631
158	-20.0	-20.200958612009533	123.11459708213806
159	-21.0	-20.20894902588944	124.06213593482971
160	-21.0	-20.216859535630544	124.67871308326721
161	-21.0	-20.22469094027424	125.48439002037048
162	-21.0	-20.2324440308715	126.14519500732422
163	-19.0	-20.220119590562785	126.98927998542786
164	-20.0	-20.217918394657158	127.76920008659363
165	-21.0	-20.225739210710586	128.39432191848755
166	-20.0	-20.223481818603478	129.08487010002136
167	-19.0	-20.211247000417444	129.85190081596375
168	-20.0	-20.20913453041327	130.71693992614746
169	-21.0	-20.217043185109137	131.61292600631714
170	-20.0	-20.214872753258046	132.4015769958496
171	-21.0	-20.222724025725466	133.10904693603516
172	-21.0	-20.230496785468212	133.87404584884644
173	-21.0	-20.23819181761353	134.49331188201904
174	-21.0	-20.245809899437393	135.34526109695435
175	-20.0	-20.24335180044302	136.034738779068
176	-21.0	-20.25091828243859	136.75597214698792
177	-21.0	-20.258409099614205	137.47043299674988
178	-21.0	-20.265825008618062	138.23478507995605
179	-21.0	-20.273166758531882	138.89923882484436
180	-20.0	-20.270435090946563	139.63798809051514
181	-21.0	-20.277730740037097	140.26502895355225
182	-20.0	-20.274953432636725	141.04327487945557
183	-20.0	-20.272203898310355	141.77868008613586
184	-21.0	-20.27948185932725	142.6330931186676
185	-20.0	-20.27668704073398	143.5631730556488
186	-21.0	-20.28392017032664	144.28046894073486
187	-21.0	-20.291080968623373	144.99452996253967
188	-20.0	-20.288170158937138	145.87357687950134
189	-21.0	-20.295288457347766	146.82181811332703
190	-21.0	-20.30233557277429	147.49578213691711
191	-19.0	-20.289312217046547	148.307599067688
192	-20.0	-20.28641909487608	149.28138899803162
193	-21.0	-20.29355490392732	149.90986585617065
194	-21.0	-20.300619354888045	150.6255338191986
195	-20.0	-20.297613161339164	151.45792293548584
196	-21.0	-20.30463702972577	152.12815690040588
197	-20.0	-20.301590659428513	152.9409749507904
198	-21.0	-20.30857475283423	153.73481011390686
199	-20.0	-20.305489005305887	154.56890392303467
200	-21.0	-20.312434115252827	155.19162893295288
201	-19.0	-20.2993097741003	156.00470185279846
202	-21.0	-20.306316676359298	156.62391901016235
203	-20.0	-20.303253509595706	157.42055916786194
204	-18.0	-20.28022097449975	158.49503898620605
205	-18.0	-20.25741876475475	159.4269700050354
206	-20.0	-20.2548445771072	160.34944677352905
207	-20.0	-20.252296131336127	161.13676476478577
208	-21.0	-20.259773170022765	161.75657606124878
209	-21.0	-20.26717543832254	162.51726293563843
210	-21.0	-20.274503683939315	163.36508107185364
211	-21.0	-20.281758647099924	164.1719880104065
212	-20.0	-20.278941060628924	164.86073803901672
213	-21.0	-20.286151650022635	165.48037385940552
214	-21.0	-20.293290133522408	166.18876695632935
215	-20.0	-20.290357232187183	166.96747207641602
216	-20.0	-20.28745365986531	167.74350786209106
217	-21.0	-20.294579123266658	168.4522569179535
218	-21.0	-20.30163333203399	169.06804704666138
219	-19.0	-20.28861699871365	169.96923899650574
220	-20.0	-20.285730828726514	170.88077092170715
221	-21.0	-20.29287352043925	171.58922481536865
222	-19.0	-20.27994478523486	172.34976410865784
223	-21.0	-20.287145337382512	173.05284094810486
224	-21.0	-20.29427388400869	173.75871396064758
225	-20.0	-20.291331145168602	174.44487190246582
226	-20.0	-20.288417833716917	175.17945790290833
227	-18.0	-20.26553365537975	176.19367504119873
228	-21.0	-20.272878318825953	176.8595039844513
229	-19.0	-20.260149535637694	177.8040909767151
230	-21.0	-20.26754804028132	178.56229400634766
231	-19.0	-20.254872559878507	179.41994285583496
232	-20.0	-20.25232383427972	180.20594596862793
233	-20.0	-20.24980059593692	181.07301497459412
234	-20.0	-20.24730258997755	181.860604763031
235	-20.0	-20.244829564077776	182.68830513954163
236	-20.0	-20.242381268436997	183.49713516235352
237	-21.0	-20.24995745575263	184.34361600875854
238	-21.0	-20.2574578811951	185.00425386428833
239	-20.0	-20.25488330238315	185.7789318561554
240	-20.0	-20.252334469359315	186.51306796073914
241	-21.0	-20.259811124665724	187.22501492500305
242	-20.0	-20.257213013419065	188.28155398368835
243	-18.0	-20.234640883284875	189.2256360054016
244	-21.0	-20.242294474452027	190.07157611846924
245	-19.0	-20.22987152970751	190.8846309185028
246	-21.0	-20.237572814410434	191.50884699821472
247	-21.0	-20.24519708626633	192.27204394340515
248	-20.0	-20.242745115403665	193.24389910697937
249	-21.0	-20.25031766424963	193.96224093437195
250	-21.0	-20.25781448760713	194.76643991470337
251	-21.0	-20.26523634273106	195.66200590133667
252	-21.0	-20.27258397930375	196.28913712501526
253	-20.0	-20.269858139510713	197.16144680976868
254	-19.0	-20.257159558115607	198.0566589832306
255	-21.0	-20.264587962534453	198.6763858795166
256	-19.0	-20.25194208290911	199.4894461631775
257	-19.0	-20.23942266208002	200.4855091571808
258	-21.0	-20.24702843545922	201.10751676559448
259	-21.0	-20.25455815110463	201.78061413764954
260	-20.0	-20.25201256959358	202.57393503189087
261	-21.0	-20.259492443897646	203.42879676818848
262	-19.0	-20.24689751945867	204.41839003562927
263	-19.0	-20.234428544264084	205.33486485481262
264	-20.0	-20.23208425882144	206.1663100719452
265	-21.0	-20.239763416233227	206.88416695594788
266	-21.0	-20.247365782070897	207.51225590705872
267	-20.0	-20.24489212425019	208.30479884147644
268	-20.0	-20.242443203007685	209.1841950416565
269	-20.0	-20.240018770977606	210.06736516952515
270	-20.0	-20.237618583267828	210.94079089164734
271	-20.0	-20.235242397435147	211.85996389389038
272	-19.0	-20.2228899734608	212.77413487434387
273	-20.0	-20.22066107372619	213.52900409698486
274	-20.0	-20.218454462988927	214.32238578796387
275	-20.0	-20.216269918359036	215.10981392860413
276	-21.0	-20.224107219175444	215.9190058708191
277	-20.0	-20.22186614698369	216.74999284744263
278	-21.0	-20.229647485513855	217.37982511520386
279	-21.0	-20.237351010658717	218.1866328716278
280	-19.0	-20.224977500552132	219.07668495178223
281	-21.0	-20.23272772554661	219.87170100212097
282	-21.0	-20.240400448291144	220.72401881217957
283	-19.0	-20.227996443808234	221.59932684898376
284	-21.0	-20.23571647937015	222.27131700515747
285	-21.0	-20.24335931457645	223.13999795913696
286	-21.0	-20.250925721430683	223.86044478416443
287	-21.0	-20.258416464216378	224.53288793563843
288	-20.0	-20.255832299574212	225.42110419273376
289	-20.0	-20.25327397657847	226.27796292304993
290	-18.0	-20.230741236812683	227.27661299705505
291	-21.0	-20.238433824444556	228.0557198524475
292	-19.0	-20.22604948620011	229.04351091384888
293	-21.0	-20.23378899133811	229.83609700202942
294	-19.0	-20.22145110142473	230.7202570438385
295	-20.0	-20.219236590410482	231.41317486763
296	-21.0	-20.22704422450638	232.41544699668884
297	-21.0	-20.234773782261318	233.17706394195557
298	-21.0	-20.242426044438705	233.7997920513153
299	-21.0	-20.250001783994318	234.5105950832367
300	-21.0	-20.257501766154377	235.2277250289917
301	-19.0	-20.244926748492833	236.1712839603424
302	-18.0	-20.222477481007903	237.2484290599823
303	-21.0	-20.230252706197824	237.9252631664276
304	-18.0	-20.207950179135846	238.80561089515686
305	-20.0	-20.205870677344485	239.7173900604248
306	-21.0	-20.21381197057104	240.33725094795227
307	-21.0	-20.22167385086533	241.13510704040527
308	-18.0	-20.199457112356676	242.10972213745117
309	-21.0	-20.20746254123311	242.85200691223145
310	-19.0	-20.19538791582078	243.73710989952087
311	-21.0	-20.203434036662575	244.349956035614
312	-21.0	-20.21139969629595	245.10958886146545
313	-21.0	-20.21928569933299	245.820170879364
314	-21.0	-20.22709284233966	246.3920738697052
315	-20.0	-20.224821913916262	247.30936789512634
316	-20.0	-20.222573694777097	248.03823518753052
317	-20.0	-20.220347957829325	248.81637811660767
318	-21.0	-20.228144478251032	249.48453974723816
319	-21.0	-20.235863033468522	250.24541091918945
320	-21.0	-20.243504403133837	250.96362686157227
321	-21.0	-20.251069359102498	251.64105486869812
322	-19.0	-20.238558665511473	252.54917192459106
323	-21.0	-20.24617307885636	253.35333919525146
324	-19.0	-20.233711348067796	254.21342587471008
325	-21.0	-20.24137423458712	254.8386149406433
326	-21.0	-20.24896049224125	255.54304099082947
327	-20.0	-20.246470887318836	256.2709701061249
328	-21.0	-20.25400617844565	257.2178637981415
329	-20.0	-20.25146611666119	258.01277208328247
330	-20.0	-20.248951455494577	258.85091495513916
331	-21.0	-20.256461940939634	259.6966230869293
332	-16.0	-20.213897321530236	260.85200691223145
333	-19.0	-20.201758348314936	261.76210594177246
334	-21.0	-20.209740764831785	262.43692898750305
335	-20.0	-20.207643357183468	263.26572585105896
336	-20.0	-20.20556692361163	264.0495400428772
337	-21.0	-20.213511254375515	264.8557779788971
338	-21.0	-20.22137614183176	265.60981798171997
339	-20.0	-20.219162380413444	266.5731179714203
340	-21.0	-20.226970756609308	267.2887668609619
341	-19.0	-20.214701049043217	268.0610339641571
342	-21.0	-20.222554038552786	268.78216910362244
343	-19.0	-20.21032849816726	269.6249120235443
344	-20.0	-20.20822521318559	270.41034388542175
345	-21.0	-20.216142961053734	271.03186988830566
346	-19.0	-20.203981531443198	271.9353578090668
347	-21.0	-20.211941716128766	272.65821599960327
348	-21.0	-20.21982229896748	273.5296139717102
349	-20.0	-20.217624075977803	274.3185257911682
350	-21.0	-20.225447835218024	274.99041986465454
351	-19.0	-20.213193356865844	275.74944400787354
352	-20.0	-20.211061423297185	276.5267550945282
353	-20.0	-20.208950809064213	277.2179551124573
354	-20.0	-20.20686130097357	278.0073730945587
355	-21.0	-20.214792687963836	278.57750487327576
356	-19.0	-20.202644761084198	279.6140148639679
357	-21.0	-20.210618313473358	280.42323303222656
358	-20.0	-20.208512130338622	281.3486919403076
359	-20.0	-20.206427009035234	282.0931890010834
360	-20.0	-20.20436273894488	282.91522789001465
361	-21.0	-20.21231911155543	283.67512011528015
362	-19.0	-20.200195920439878	284.5062997341156
363	-21.0	-20.20819396123548	285.1751480102539
364	-21.0	-20.216112021623125	285.79666781425476
365	-21.0	-20.223950901406894	286.46564292907715
366	-19.0	-20.211711392392825	287.32807898521423
367	-20.0	-20.209594278468895	288.11625385284424
368	-21.0	-20.21749833568421	288.73474884033203
369	-19.0	-20.20532335232737	289.50078797340393
370	-20.0	-20.203270118804095	290.239688873291
371	-19.0	-20.191237417616055	291.0962071418762
372	-21.0	-20.199325043439895	291.76457118988037
373	-21.0	-20.207331793005498	292.61541199684143
374	-21.0	-20.215258475075444	293.2807369232178
375	-21.0	-20.22310589032469	293.99559807777405
376	-20.0	-20.22087483142144	294.73734188079834
377	-18.0	-20.198666083107227	295.85575795173645
378	-20.0	-20.196679422276155	296.588369846344
379	-21.0	-20.204712628053393	297.24916887283325
380	-21.0	-20.21266550177286	297.9547698497772
381	-20.0	-20.21053884675513	298.69167304039
382	-21.0	-20.21843345828758	299.3665249347687
383	-20.0	-20.216249123704703	300.0988128185272
384	-21.0	-20.224086632467657	300.99452114105225
385	-21.0	-20.231845766142982	301.7979528903961
386	-21.0	-20.239527308481552	302.50454092025757
387	-17.0	-20.20713203539674	303.44142293930054
388	-20.0	-20.20506071504277	304.23549795150757
389	-21.0	-20.21301010789234	304.95181107521057
390	-19.0	-20.200880006813417	305.7690930366516
391	-20.0	-20.19887120674528	306.46605110168457
392	-20.0	-20.196882494677826	307.15773487091064
393	-20.0	-20.194913669731047	308.12097787857056
394	-21.0	-20.202964533033736	308.7068328857422
395	-21.0	-20.2109348877034	309.32491302490234
396	-19.0	-20.198825538826366	310.2757649421692
397	-21.0	-20.2068372834381	311.21468806266785
398	-21.0	-20.21476891060372	312.0623080730438
399	-21.0	-20.222621221497683	312.6906039714813
400	-20.0	-20.220395009282704	313.5613548755646
401	-21.0	-20.22819105918988	314.14001297950745
402	-21.0	-20.23590914859798	314.71360898017883
403	-20.0	-20.233550057111998	315.4994659423828
404	-20.0	-20.231214556540877	316.505245923996
405	-20.0	-20.22890241097547	317.48354506492615
406	-21.0	-20.236613386865713	318.1516819000244
407	-20.0	-20.234247252997054	318.97716188430786
408	-21.0	-20.241904780467085	319.6844639778137
409	-21.0	-20.249485732662414	320.34898710250854
410	-21.0	-20.25699087533579	321.05365800857544
411	-20.0	-20.254420966582433	321.84798097610474
412	-20.0	-20.25187675691661	322.6283628940582
413	-20.0	-20.24935798934744	323.54873180389404
414	-21.0	-20.256864409453968	324.26446294784546
415	-21.0	-20.264295765359428	324.97869420051575
416	-19.0	-20.251652807705835	325.87619400024414
417	-21.0	-20.259136279628777	326.4947807788849
418	-18.0	-20.23654491683249	327.4257688522339
419	-20.0	-20.234179467664163	328.30412101745605
420	-20.0	-20.23183767298752	329.18721199035645
421	-20.0	-20.229519296257646	329.9729549884796
422	-19.0	-20.21722410329507	330.8267459869385
423	-21.0	-20.22505186226212	331.53884196281433
424	-18.0	-20.2028013436395	332.42124700546265
425	-21.0	-20.210773330203107	333.1448669433594
426	-20.0	-20.208665596901074	333.92699694633484
427	-19.0	-20.196578940932064	334.78393483161926
428	-19.0	-20.184613151522743	335.85872197151184
429	-20.0	-20.182767020007514	336.8248279094696
430	-21.0	-20.19093934980744	337.58400678634644
431	-21.0	-20.199029956309367	338.26093578338623
432	-21.0	-20.207039656746275	338.88398575782776
433	-21.0	-20.214969260178812	339.5901129245758
434	-20.0	-20.21281956757702	340.38442492485046
435	-20.0	-20.21069137190125	341.0802218914032
436	-21.0	-20.21858445818224	341.750385761261
437	-21.0	-20.226398613600416	342.4225399494171
438	-21.0	-20.234134627464414	343.133061170578
439	-20.0	-20.23179328118977	343.92295598983765
440	-20.0	-20.22947534837787	344.6616299152374
441	-19.0	-20.217180594894092	345.69212317466736
442	-21.0	-20.225008788945154	346.2706108093262
443	-21.0	-20.2327587010557	346.9822897911072
444	-19.0	-20.220431114045144	347.86999702453613
445	-21.0	-20.228226802904693	348.5883479118347
446	-20.0	-20.225944534875644	349.4154758453369
447	-21.0	-20.23368508952689	350.0509271621704
448	-20.0	-20.23134823863162	350.84117913246155
449	-20.0	-20.229034756245305	351.62735986709595
450	-21.0	-20.236744408682853	352.24680399894714
451	-19.0	-20.224376964596026	353.0998909473419
452	-20.0	-20.222133194950064	354.1052920818329
453	-21.0	-20.229911863000563	354.90791487693787
454	-20.0	-20.227612744370557	355.60474586486816
455	-20.0	-20.22533661692685	356.3006908893585
456	-20.0	-20.22308325075758	356.99145102500916
457	-19.0	-20.210852418250003	357.8432140350342
458	-21.0	-20.218743894067504	358.552649974823
459	-19.0	-20.20655645512683	359.50163292884827
460	-20.0	-20.20449089057556	360.1952419281006
461	-21.0	-20.212445981669806	360.8936650753021
462	-21.0	-20.22032152185311	361.52034616470337
463	-21.0	-20.228118306634578	362.1945810317993
464	-18.0	-20.20583712356823	363.1991558074951
465	-20.0	-20.203778752332546	364.2057569026947
466	-21.0	-20.21174096480922	364.8748540878296
467	-21.0	-20.219623555161128	365.58509492874146
468	-19.0	-20.20742731960952	366.56936597824097
469	-21.0	-20.215353046413423	367.2766990661621
470	-21.0	-20.22319951594929	367.9446048736572
471	-21.0	-20.230967520789797	368.5693109035492
472	-19.0	-20.218657845581898	369.3287100791931
473	-20.0	-20.216471267126078	370.16081714630127
474	-21.0	-20.224306554454817	370.8790318965912
475	-21.0	-20.23206348891027	371.5448999404907
476	-21.0	-20.23974285402117	372.2548830509186
477	-17.0	-20.20734542548096	373.15493607521057
478	-21.0	-20.21527197122615	373.86382699012756
479	-21.0	-20.22311925151389	374.573853969574
480	-21.0	-20.23088805899875	375.1941628456116
481	-21.0	-20.238579178408763	375.9602689743042
482	-21.0	-20.246193386624675	376.62846207618713
483	-21.0	-20.25373145275843	377.29604291915894
484	-21.0	-20.261194138230845	378.0432298183441
485	-20.0	-20.258582196848536	378.77015495300293
486	-19.0	-20.24599637488005	379.5231499671936
487	-21.0	-20.25353641113125	380.13823103904724
488	-20.0	-20.251001047019937	380.9570870399475
489	-19.0	-20.23849103654974	381.7624349594116
490	-20.0	-20.23610612618424	382.58941102027893
491	-19.0	-20.223745064922397	383.40284395217896
492	-20.0	-20.221507614273172	384.1365559101105
493	-21.0	-20.22929253813044	384.84710907936096
494	-21.0	-20.236999612749138	385.701287984848
495	-20.0	-20.234629616621646	386.56966280937195
496	-21.0	-20.24228332045543	387.2453739643097
497	-21.0	-20.249860487250878	387.91729712486267
498	-18.0	-20.227361882378368	388.8550169467926
499	-20.0	-20.225088263554582	389.7795670032501
500	-21.0	-20.232837380919037	390.58766198158264
