1	-21.0	-21.0	0.7887318134307861
2	-21.0	-21.0	1.6707489490509033
3	-20.0	-20.99	2.5464870929718018
4	-20.0	-20.980099999999997	3.377578020095825
5	-21.0	-20.980299	4.183034181594849
6	-19.0	-20.96049601	5.084472179412842
7	-21.0	-20.9608910499	5.700222015380859
8	-20.0	-20.951282139401	6.386287212371826
9	-20.0	-20.941769318006987	7.117721080780029
10	-21.0	-20.942351624826916	7.731596946716309
11	-21.0	-20.94292810857865	8.372982025146484
12	-21.0	-20.943498827492864	9.132382869720459
13	-19.0	-20.924063839217936	10.118947982788086
14	-21.0	-20.924823200825756	10.742035865783691
15	-19.0	-20.9055749688175	11.689943075180054
16	-19.0	-20.886519219129326	12.703243970870972
17	-19.0	-20.867654026938034	13.556721925735474
18	-19.0	-20.848977486668655	14.356162071228027
19	-21.0	-20.850487711801968	15.034159898757935
20	-21.0	-20.851982834683948	15.929179906845093
21	-21.0	-20.85346300633711	16.586453914642334
22	-21.0	-20.854928376273737	17.190487146377563
23	-20.0	-20.846379092510997	17.948939085006714
24	-21.0	-20.84791530158589	18.605878114700317
25	-21.0	-20.84943614857003	19.16648507118225
26	-21.0	-20.85094178708433	19.952735900878906
27	-21.0	-20.85243236921349	20.62842082977295
28	-20.0	-20.843908045521353	21.58238697052002
29	-21.0	-20.84546896506614	22.15571093559265
30	-21.0	-20.84701427541548	22.859721899032593
31	-21.0	-20.848544132661324	23.519754886627197
32	-21.0	-20.850058691334713	24.129732847213745
33	-20.0	-20.841558104421363	24.934630870819092
34	-21.0	-20.84314252337715	25.628618001937866
35	-21.0	-20.844711098143378	26.367494821548462
36	-21.0	-20.846263987161944	27.025523900985718
37	-19.0	-20.827801347290325	27.86043119430542
38	-17.0	-20.789523333817424	28.78893494606018
39	-21.0	-20.79162810047925	29.66284203529358
40	-20.0	-20.78371181947446	30.600378036499023
41	-20.0	-20.77587470127971	31.318086862564087
42	-21.0	-20.778115954266916	32.099525928497314
43	-21.0	-20.780334794724247	32.705451011657715
44	-19.0	-20.762531446777007	33.5795578956604
45	-21.0	-20.76490613230924	34.14016795158386
46	-20.0	-20.757257070986146	34.92085790634155
47	-21.0	-20.759684500276286	35.61531400680542
48	-18.0	-20.732087655273524	36.650861978530884
49	-19.0	-20.71476677872079	37.48887801170349
50	-21.0	-20.717619110933583	38.218918800354004
51	-20.0	-20.710442919824246	39.07936406135559
52	-20.0	-20.703338490626003	39.84294605255127
53	-20.0	-20.69630510571974	40.74504899978638
54	-21.0	-20.699342054662544	41.40724515914917
55	-21.0	-20.70234863411592	42.2012460231781
56	-21.0	-20.70532514777476	43.03715205192566
57	-20.0	-20.698271896297012	43.714422941207886
58	-21.0	-20.701289177334044	44.37383699417114
59	-21.0	-20.704276285560702	45.06954002380371
60	-21.0	-20.707233522705096	45.77653098106384
61	-20.0	-20.700161187478045	46.72692394256592
62	-19.0	-20.683159575603266	47.513753175735474
63	-21.0	-20.686327979847235	48.11617588996887
64	-21.0	-20.689464700048763	48.87134385108948
65	-19.0	-20.672570053048275	49.72795605659485
66	-21.0	-20.675844352517792	50.3903968334198
67	-20.0	-20.669085908992614	51.260627031326294
68	-20.0	-20.66239504990269	51.95248484611511
69	-21.0	-20.665771099403663	52.57383918762207
70	-21.0	-20.669113388409627	53.14651298522949
71	-19.0	-20.652422254525533	53.951157093048096
72	-17.0	-20.61589803198028	54.99177384376526
73	-20.0	-20.609739051660476	55.72560000419617
74	-21.0	-20.613641661143873	56.392982006073
75	-21.0	-20.617505244532435	57.02597188949585
76	-21.0	-20.62133019208711	57.73338294029236
77	-18.0	-20.59511689016624	58.544111013412476
78	-20.0	-20.589165721264575	59.26612091064453
79	-21.0	-20.59327406405193	59.93407988548279
80	-21.0	-20.59734132341141	60.589138984680176
81	-20.0	-20.591367910177294	61.25828003883362
82	-21.0	-20.59545423107552	62.1554319858551
83	-20.0	-20.589499688764764	62.98640584945679
84	-19.0	-20.57360469187712	63.74920916557312
85	-19.0	-20.557868644958347	64.59598398208618
86	-20.0	-20.552289958508762	65.46837782859802
87	-21.0	-20.556767058923676	66.12470889091492
88	-21.0	-20.56119938833444	66.82788515090942
89	-21.0	-20.565587394451097	67.44722104072571
90	-21.0	-20.569931520506586	68.15188407897949
91	-19.0	-20.55423220530152	68.95415806770325
92	-20.0	-20.548689883248503	69.65487217903137
93	-21.0	-20.553202984416018	70.333988904953
94	-20.0	-20.547670954571856	71.07126498222351
95	-19.0	-20.53219424502614	71.98551988601685
96	-20.0	-20.526872302575878	72.77985501289368
97	-20.0	-20.521603579550117	73.67055702209473
98	-21.0	-20.526387543754616	74.33598899841309
99	-19.0	-20.511123668317072	75.09779691696167
100	-20.0	-20.506012431633902	75.97125101089478
101	-21.0	-20.510952307317563	76.81541991233826
102	-21.0	-20.515842784244388	77.6590039730072
103	-21.0	-20.520684356401944	78.41397881507874
104	-18.0	-20.495477512837923	79.20346808433533
105	-21.0	-20.500522737709545	79.91753697395325
106	-20.0	-20.495517510332448	80.83084487915039
107	-20.0	-20.49056233522912	81.56720399856567
108	-21.0	-20.49565671187683	82.19202208518982
109	-21.0	-20.500700144758063	82.85624098777771
110	-21.0	-20.505693143310484	83.46303415298462
111	-21.0	-20.51063621187738	84.03038597106934
112	-19.0	-20.495529849758608	84.78842997550964
113	-21.0	-20.50057455126102	85.53579115867615
114	-21.0	-20.50556880574841	86.2532958984375
115	-21.0	-20.510513117690927	86.91050291061401
116	-20.0	-20.505407986514015	87.682865858078
117	-20.0	-20.500353906648876	88.64127683639526
118	-20.0	-20.495350367582386	89.33130598068237
119	-20.0	-20.49039686390656	90.10970497131348
120	-21.0	-20.495492895267496	90.90182614326477
121	-21.0	-20.500537966314823	91.55686402320862
122	-21.0	-20.505532586651675	92.40050888061523
123	-20.0	-20.500477260785157	93.17659282684326
124	-21.0	-20.505472488177308	94.01198101043701
125	-21.0	-20.510417763295536	94.93328213691711
126	-20.0	-20.50531358566258	95.65650796890259
127	-20.0	-20.500260449805953	96.51344418525696
128	-21.0	-20.505257845307895	97.259850025177
129	-21.0	-20.51020526685482	97.95237398147583
130	-18.0	-20.48510321418627	98.79330110549927
131	-21.0	-20.490252182044408	99.48518300056458
132	-21.0	-20.495349660223965	100.09639596939087
133	-20.0	-20.490396163621725	100.91498494148254
134	-21.0	-20.49549220198551	101.57780003547668
135	-20.0	-20.490537279965654	102.31265211105347
136	-21.0	-20.495631907165997	102.97465014457703
137	-20.0	-20.490675588094337	103.8482391834259
138	-21.0	-20.495768832213393	104.4635980129242
139	-20.0	-20.490811143891257	105.2645800113678
140	-20.0	-20.485903032452345	106.00503301620483
141	-20.0	-20.48104400212782	106.78388404846191
142	-21.0	-20.48623356210654	107.45544695854187
143	-20.0	-20.481371226485475	108.31621718406677
144	-21.0	-20.48655751422062	109.01862597465515
145	-20.0	-20.481691939078413	109.79246997833252
146	-20.0	-20.47687501968763	110.65922904014587
147	-21.0	-20.482106269490753	111.43590879440308
148	-21.0	-20.487285206795846	112.23904204368591
149	-20.0	-20.482412354727888	112.97116279602051
150	-21.0	-20.48758823118061	113.70976090431213
151	-20.0	-20.4827123488688	114.57545399665833
152	-21.0	-20.487885225380115	115.1935408115387
153	-21.0	-20.493006373126313	115.81130695343018
154	-21.0	-20.49807630939505	116.47236895561218
155	-19.0	-20.4830955463011	117.50007796287537
156	-19.0	-20.468264590838093	118.34814500808716
157	-21.0	-20.473581944929713	118.96232080459595
158	-19.0	-20.458846125480417	119.81120419502258
159	-20.0	-20.45425766422561	120.63908791542053
160	-21.0	-20.459715087583355	121.38959908485413
161	-20.0	-20.45511793670752	122.21642804145813
162	-21.0	-20.460566757340445	122.8744900226593
163	-20.0	-20.45596108976704	123.73878884315491
164	-21.0	-20.46140147886937	124.35295486450195
165	-20.0	-20.456787464080676	125.3505790233612
166	-21.0	-20.46221958943987	126.00353693962097
167	-21.0	-20.46759739354547	126.72200989723206
168	-21.0	-20.472921419610017	127.41741991043091
169	-21.0	-20.47819220541392	128.0203881263733
170	-21.0	-20.48341028335978	128.7491500377655
171	-20.0	-20.478576180526183	129.47725892066956
172	-21.0	-20.483790418720922	130.09214115142822
173	-21.0	-20.488952514533715	130.75121998786926
174	-20.0	-20.484062989388377	131.49266004562378
175	-21.0	-20.489222359494494	132.2829041481018
176	-21.0	-20.49433013589955	132.89858102798462
177	-19.0	-20.479386834540556	133.76319479942322
178	-21.0	-20.48459296619515	134.71657180786133
179	-17.0	-20.4497470365332	135.77215886116028
180	-21.0	-20.45524956616787	136.57268714904785
181	-21.0	-20.46069707050619	137.32906007766724
182	-21.0	-20.46609009980113	138.035826921463
183	-20.0	-20.461429198803117	138.76876211166382
184	-20.0	-20.456814906815087	139.59141087532043
185	-19.0	-20.442246757746936	140.40111374855042
186	-21.0	-20.447824290169468	141.0647909641266
187	-21.0	-20.453346047267775	141.81943082809448
188	-19.0	-20.4388125867951	142.67049193382263
189	-21.0	-20.44442446092715	143.51373481750488
190	-21.0	-20.44998021631788	144.27909898757935
191	-21.0	-20.4554804141547	144.9315469264984
192	-21.0	-20.460925610013152	145.54350686073303
193	-20.0	-20.45631635391302	146.45482897758484
194	-21.0	-20.46175319037389	147.12106609344482
195	-21.0	-20.467135658470152	147.83035016059875
196	-20.0	-20.46246430188545	148.60906291007996
197	-21.0	-20.4678396588666	149.23011898994446
198	-20.0	-20.463161262277932	149.9686839580536
199	-21.0	-20.468529649655153	150.58964204788208
200	-21.0	-20.4738443531586	151.2525670528412
201	-20.0	-20.469105909627014	152.07553100585938
202	-21.0	-20.474414850530746	152.7837450504303
203	-21.0	-20.479670702025437	153.48905611038208
204	-21.0	-20.484873995005184	154.28782105445862
205	-20.0	-20.480025255055132	155.20435881614685
206	-21.0	-20.48522500250458	156.19658589363098
207	-21.0	-20.490372752479537	156.9453239440918
208	-19.0	-20.475469024954744	157.88118886947632
209	-21.0	-20.480714334705198	158.64791917800903
210	-21.0	-20.485907191358148	159.25276017189026
211	-21.0	-20.491048119444567	159.85919094085693
212	-18.0	-20.46613763825012	160.8629970550537
213	-21.0	-20.471476261867622	161.71755504608154
214	-21.0	-20.476761499248948	162.29843091964722
215	-20.0	-20.471993884256456	163.24614715576172
216	-20.0	-20.46727394541389	164.1149399280548
217	-21.0	-20.47260120595975	164.8225769996643
218	-20.0	-20.467875193900152	165.69694209098816
219	-21.0	-20.47319644196115	166.36072897911072
220	-21.0	-20.47846447754154	167.06567406654358
221	-21.0	-20.483679832766125	167.81895899772644
222	-20.0	-20.478843034438462	168.6032838821411
223	-21.0	-20.484054604094077	169.22901701927185
224	-20.0	-20.479214058053135	170.0860710144043
225	-21.0	-20.484421917472602	170.87218499183655
226	-20.0	-20.479577698297874	171.58920407295227
227	-21.0	-20.484781921314895	172.19278478622437
228	-20.0	-20.479934102101744	173.08876013755798
229	-21.0	-20.485134761080726	173.781996011734
230	-20.0	-20.480283413469916	174.5472960472107
231	-19.0	-20.465480579335217	175.38997602462769
232	-17.0	-20.430825773541866	176.37166094779968
233	-19.0	-20.416517515806447	177.33983993530273
234	-19.0	-20.402352340648385	178.27138781547546
235	-19.0	-20.388328817241902	179.1050000190735
236	-21.0	-20.394445529069483	179.72672581672668
237	-19.0	-20.380501073778788	180.55423784255981
238	-19.0	-20.366696063041	181.35483694076538
239	-21.0	-20.37302910241059	181.961895942688
240	-21.0	-20.379298811386487	182.71730208396912
241	-21.0	-20.385505823272624	183.42410802841187
242	-21.0	-20.3916507650399	184.17951011657715
243	-21.0	-20.3977342573895	184.89012789726257
244	-21.0	-20.403756914815606	185.46715998649597
245	-21.0	-20.40971934566745	186.09911704063416
246	-21.0	-20.415622152210776	187.10288000106812
247	-20.0	-20.411465930688667	188.0264539718628
248	-21.0	-20.417351271381783	188.6731357574463
249	-20.0	-20.413177758667963	189.40911483764648
250	-21.0	-20.419045981081283	190.1643030643463
251	-19.0	-20.40485552127047	191.10024905204773
252	-20.0	-20.400806966057765	191.78801584243774
253	-21.0	-20.406798896397188	192.5110399723053
254	-18.0	-20.382730907433217	193.47408485412598
255	-20.0	-20.378903598358885	194.2988269329071
256	-20.0	-20.375114562375295	195.35582375526428
257	-20.0	-20.371363416751542	196.2558720111847
258	-21.0	-20.377649782584026	197.0069010257721
259	-21.0	-20.383873284758188	197.6216230392456
260	-21.0	-20.390034551910606	198.33152413368225
261	-21.0	-20.3961342063915	199.01606512069702
262	-21.0	-20.402172864327586	200.0028591156006
263	-20.0	-20.39815113568431	200.823734998703
264	-21.0	-20.404169624327466	201.5294530391693
265	-20.0	-20.40012792808419	202.26321697235107
266	-19.0	-20.386126648803348	203.2038369178772
267	-21.0	-20.392265382315315	204.00433897972107
268	-21.0	-20.398342728492164	204.71181297302246
269	-21.0	-20.404359301207244	205.4632179737091
270	-21.0	-20.41031570819517	206.26403999328613
271	-21.0	-20.41621255111322	207.0253930091858
272	-21.0	-20.422050425602087	207.82982301712036
273	-18.0	-20.397829921346066	208.72245502471924
274	-21.0	-20.403851622132606	209.41087579727173
275	-21.0	-20.40981310591128	210.09901118278503
276	-21.0	-20.41571497485217	210.83174300193787
277	-21.0	-20.421557825103648	211.43217515945435
278	-20.0	-20.41734224685261	212.38211107254028
279	-21.0	-20.423168824384085	213.04478096961975
280	-21.0	-20.428937136140245	213.70627689361572
281	-20.0	-20.424647764778843	214.57784295082092
282	-21.0	-20.430401287131055	215.1980528831482
283	-19.0	-20.416097274259744	216.22253584861755
284	-21.0	-20.421936301517146	216.90930891036987
285	-20.0	-20.417716938501975	217.70700097084045
286	-21.0	-20.423539769116957	218.48580980300903
287	-20.0	-20.419304371425785	219.2667100429535
288	-20.0	-20.415111327711525	219.96438097953796
289	-20.0	-20.410960214434407	220.78522896766663
290	-21.0	-20.416850612290062	221.34734392166138
291	-19.0	-20.402682106167163	222.18172907829285
292	-20.0	-20.39865528510549	222.9087691307068
293	-20.0	-20.394668732254434	223.7761960029602
294	-21.0	-20.40072204493189	224.4544620513916
295	-21.0	-20.40671482448257	225.15418910980225
296	-21.0	-20.412647676237746	225.92844796180725
297	-19.0	-20.39852119947537	226.796236038208
298	-20.0	-20.394535987480612	227.62712693214417
299	-20.0	-20.390590627605807	228.54425692558289
300	-20.0	-20.386684721329747	229.32090401649475
301	-21.0	-20.39281787411645	229.9913649559021
302	-20.0	-20.388889695375283	230.68207216262817
303	-20.0	-20.38500079842153	231.56727290153503
304	-21.0	-20.391150790437315	232.40184712409973
305	-20.0	-20.387239282532942	233.25453209877014
306	-21.0	-20.393366889707615	233.90475797653198
307	-21.0	-20.39943322081054	234.64404296875
308	-21.0	-20.405438888602436	235.2919318675995
309	-21.0	-20.411384499716412	235.9848268032074
310	-21.0	-20.41727065471925	236.6812720298767
311	-21.0	-20.423097948172057	237.25752902030945
312	-21.0	-20.428866968690336	238.00868701934814
313	-21.0	-20.434578299003434	238.7186849117279
314	-21.0	-20.4402325160134	239.5180070400238
315	-21.0	-20.445830190853265	240.3596830368042
316	-20.0	-20.44137188894473	241.10542702674866
317	-20.0	-20.43695817005528	241.78950190544128
318	-21.0	-20.442588588354727	242.57769799232483
319	-21.0	-20.44816270247118	243.24334907531738
320	-21.0	-20.453681075446468	243.9978060722351
321	-21.0	-20.459144264692004	244.66360092163086
322	-20.0	-20.454552822045084	245.58020091056824
323	-21.0	-20.460007293824635	246.19728899002075
324	-21.0	-20.46540722088639	246.9945249557495
325	-20.0	-20.460753148677526	247.85993599891663
326	-21.0	-20.46614561719075	248.67340207099915
327	-18.0	-20.441484161018842	249.48786091804504
328	-21.0	-20.447069319408655	250.1089470386505
329	-21.0	-20.45259862621457	250.90708994865417
330	-21.0	-20.458072639952427	251.56785106658936
331	-19.0	-20.443491913552904	252.46419310569763
332	-20.0	-20.439056994417374	253.20699000358582
333	-21.0	-20.4446664244732	254.0861110687256
334	-21.0	-20.45021976022847	254.8380150794983
335	-21.0	-20.455717562626187	255.4396390914917
336	-20.0	-20.451160386999923	256.1098380088806
337	-20.0	-20.446648783129923	256.8241539001465
338	-21.0	-20.452182295298623	257.6451258659363
339	-20.0	-20.447660472345635	258.5086600780487
340	-20.0	-20.443183867622178	259.3302149772644
341	-21.0	-20.448752028945957	260.2550039291382
342	-19.0	-20.4342645086565	261.1515579223633
343	-20.0	-20.429921863569934	261.93154311180115
344	-20.0	-20.425622644934233	262.77116107940674
345	-21.0	-20.43136641848489	263.3573520183563
346	-21.0	-20.437052754300044	264.110347032547
347	-18.0	-20.412682226757042	264.9896938800812
348	-21.0	-20.41855540448947	265.83309292793274
349	-19.0	-20.404369850444578	266.70468401908875
350	-20.0	-20.40032615194013	267.46542382240295
351	-19.0	-20.386322890420733	268.45261216163635
352	-21.0	-20.392459661516526	269.06836104393005
353	-20.0	-20.388535064901358	269.89471411705017
354	-21.0	-20.394649714252346	270.64938712120056
355	-21.0	-20.40070321710982	271.2695858478546
356	-21.0	-20.406696184938724	271.98037791252136
357	-19.0	-20.392629223089337	272.8690040111542
358	-19.0	-20.378702930858445	273.6273081302643
359	-20.0	-20.37491590154986	274.35334396362305
360	-21.0	-20.38116674253436	275.0465409755707
361	-20.0	-20.377355075109016	275.93413496017456
362	-20.0	-20.373581524357924	276.6433689594269
363	-21.0	-20.379845709114345	277.43808102607727
364	-21.0	-20.386047252023204	278.1110529899597
365	-21.0	-20.39218677950297	278.7337007522583
366	-20.0	-20.38826491170794	279.5146028995514
367	-19.0	-20.37438226259086	280.35398602485657
368	-21.0	-20.38063843996495	281.2136299610138
369	-21.0	-20.386832055565304	281.82542991638184
370	-21.0	-20.39296373500965	282.5617091655731
371	-21.0	-20.399034097659555	283.27355003356934
372	-19.0	-20.38504375668296	284.220556974411
373	-21.0	-20.391193319116134	284.8849549293518
374	-21.0	-20.397281385924973	285.548241853714
375	-21.0	-20.403308572065725	286.2561688423157
376	-21.0	-20.40927548634507	287.06735587120056
377	-19.0	-20.395182731481622	287.9320168495178
378	-21.0	-20.401230904166805	288.7076270580292
379	-18.0	-20.377218595125136	289.76258516311646
380	-20.0	-20.373446409173884	290.49150800704956
381	-19.0	-20.359711945082147	291.30318307876587
382	-21.0	-20.366114825631325	292.0088908672333
383	-21.0	-20.372453677375013	292.8522119522095
384	-20.0	-20.36872914060126	293.5861041545868
385	-21.0	-20.37504184919525	294.20778703689575
386	-21.0	-20.381291430703296	294.87187695503235
387	-21.0	-20.387478516396264	295.75898694992065
388	-21.0	-20.393603731232304	296.42093110084534
389	-21.0	-20.39966769391998	297.18947887420654
390	-21.0	-20.40567101698078	297.85280108451843
391	-20.0	-20.40161430681097	298.58740997314453
392	-20.0	-20.39759816374286	299.31848096847534
393	-20.0	-20.39362218210543	300.21305799484253
394	-21.0	-20.39968596028438	300.8365819454193
395	-21.0	-20.40568910068154	301.6441128253937
396	-21.0	-20.411632209674725	302.48561692237854
397	-21.0	-20.417515887577977	303.05666518211365
398	-21.0	-20.423340728702197	303.8374888896942
399	-20.0	-20.419107321415176	304.7414319515228
400	-18.0	-20.394916248201024	305.9569411277771
401	-21.0	-20.400967085719014	306.6697940826416
402	-19.0	-20.386957414861826	307.47417283058167
403	-21.0	-20.393087840713207	308.1642098426819
404	-20.0	-20.389156962306075	308.8942608833313
405	-21.0	-20.395265392683015	309.60812997817993
406	-21.0	-20.401312738756186	310.2113437652588
407	-21.0	-20.407299611368625	310.88311290740967
408	-19.0	-20.39322661525494	311.7078950405121
409	-19.0	-20.37929434910239	312.5092270374298
410	-19.0	-20.36550140561137	313.4503490924835
411	-18.0	-20.341846391555254	314.325886964798
412	-20.0	-20.3384279276397	315.01433086395264
413	-20.0	-20.335043648363303	315.89043498039246
414	-21.0	-20.341693211879672	316.6001138687134
415	-21.0	-20.348276279760878	317.2661099433899
416	-21.0	-20.35479351696327	317.88148403167725
417	-21.0	-20.361245581793636	318.5870590209961
418	-20.0	-20.3576331259757	319.50363397598267
419	-21.0	-20.364056794715943	320.2120168209076
420	-20.0	-20.36041622676878	321.06933093070984
421	-19.0	-20.346812064501094	321.8564841747284
422	-21.0	-20.353343943856085	322.4593598842621
423	-21.0	-20.359810504417524	323.15093994140625
424	-21.0	-20.36621239937335	323.79789686203003
425	-20.0	-20.362550275379615	324.56515407562256
426	-19.0	-20.34892477262582	325.37394618988037
427	-19.0	-20.335435524899566	326.17721700668335
428	-20.0	-20.332081169650568	326.99897503852844
429	-19.0	-20.318760357954062	327.9895889759064
430	-20.0	-20.31557275437452	328.83592200279236
431	-21.0	-20.322417026830777	329.63614106178284
432	-20.0	-20.31919285656247	330.5014109611511
433	-20.0	-20.316000927996843	331.2379038333893
434	-18.0	-20.292840918716873	332.0673861503601
435	-21.0	-20.299912509529705	332.7890639305115
436	-20.0	-20.296913384434408	333.74290680885315
437	-21.0	-20.303944250590064	334.4995720386505
438	-20.0	-20.300904808084162	335.2796790599823
439	-19.0	-20.287895760003323	336.22777795791626
440	-21.0	-20.29501680240329	336.87981700897217
441	-19.0	-20.28206663437926	337.7612910270691
442	-21.0	-20.289245968035466	338.48247599601746
443	-21.0	-20.29635350835511	339.17882084846497
444	-20.0	-20.29338997327156	339.8658149242401
445	-21.0	-20.300456073538843	340.58229303359985
446	-21.0	-20.307451512803457	341.27307891845703
447	-21.0	-20.314376997675424	342.0927097797394
448	-21.0	-20.32123322769867	342.8157560825348
449	-20.0	-20.318020895421682	343.61727595329285
450	-21.0	-20.324840686467468	344.30580615997314
451	-21.0	-20.331592279602795	345.0169668197632
452	-19.0	-20.318276356806766	345.8243980407715
453	-21.0	-20.325093593238698	346.63094091415405
454	-20.0	-20.32184265730631	347.5541481971741
455	-21.0	-20.328624230733247	348.3044228553772
456	-20.0	-20.325337988425915	349.0974850654602
457	-21.0	-20.332084608541656	349.80655312538147
458	-21.0	-20.33876376245624	350.4539940357208
459	-21.0	-20.345376124831677	351.1450250148773
460	-21.0	-20.351922363583363	351.92529797554016
461	-20.0	-20.34840313994753	352.92263293266296
462	-17.0	-20.314919108548054	353.8687081336975
463	-20.0	-20.311769917462573	354.6018371582031
464	-20.0	-20.308652218287946	355.3781850337982
465	-19.0	-20.29556569610507	356.0879318714142
466	-20.0	-20.292610039144016	357.0457720756531
467	-21.0	-20.299683938752576	357.7950510978699
468	-21.0	-20.30668709936505	358.44727993011475
469	-20.0	-20.303620228371397	359.18463802337646
470	-21.0	-20.310584026087685	359.9388520717621
471	-21.0	-20.317478185826808	360.7047290802002
472	-20.0	-20.314303403968538	361.50294613838196
473	-21.0	-20.321160369928855	362.2156789302826
474	-21.0	-20.327948766229568	362.92430210113525
475	-19.0	-20.314669278567273	363.77513909339905
476	-20.0	-20.3115225857816	364.5460548400879
477	-19.0	-20.298407359923786	365.4265720844269
478	-21.0	-20.305423286324547	366.07562494277954
479	-20.0	-20.3023690534613	366.79806995391846
480	-21.0	-20.30934536292669	367.50107192993164
481	-21.0	-20.31625190929742	368.37829089164734
482	-17.0	-20.28308939020445	369.49238300323486
483	-19.0	-20.270258496302404	370.3005859851837
484	-21.0	-20.27755591133938	371.1372380256653
485	-21.0	-20.284780352225987	371.95503997802734
486	-21.0	-20.291932548703727	372.67092084884644
487	-21.0	-20.29901322321669	373.60484194755554
488	-20.0	-20.296023090984523	374.47359681129456
489	-19.0	-20.28306286007468	375.32662081718445
490	-20.0	-20.28023223147393	376.01479601860046
491	-21.0	-20.287429909159194	376.6318709850311
492	-19.0	-20.2745556100676	377.79702615737915
493	-21.0	-20.281810053966925	378.3693449497223
494	-18.0	-20.258991953427255	379.2930700778961
495	-21.0	-20.266402033892984	380.04697704315186
496	-18.0	-20.243738013554054	380.91995120048523
497	-21.0	-20.251300633418513	381.72141098976135
498	-21.0	-20.258787627084327	382.539972782135
499	-19.0	-20.246199750813485	383.39737606048584
500	-20.0	-20.24373775330535	384.4049048423767
