0	0	1031	1	0.5126892924308777	-20.0	-20.0	1.7312030792236328
0	1	999	1	0.7400956153869629	-21.0	-20.01	3.282457113265991
0	2	940	1	0.6366284489631653	-21.0	-20.019900000000003	4.772812128067017
0	3	1046	0	0.6237545013427734	-18.0	-19.999701	6.388390302658081
0	4	937	0	0.49852874875068665	-21.0	-20.009703990000002	7.84172797203064
0	5	1001	1	0.5792415142059326	-21.0	-20.019606950100002	9.418941020965576
0	6	1121	1	0.5792415142059326	-21.0	-20.029410880599002	11.155221939086914
0	7	821	0	0.6481935977935791	-21.0	-20.03911677179301	12.429725885391235
0	8	996	1	0.9016876816749573	-21.0	-20.04872560407508	13.987367868423462
0	9	1012	1	0.39108482003211975	-19.0	-20.03823834803433	15.580241918563843
1	0	1133	1	0.36125558614730835	-19.0	-20.02785596455399	21.064141035079956
1	1	818	0	0.4664289951324463	-21.0	-20.03757740490845	22.36057710647583
1	2	817	1	0.8314900398254395	-21.0	-20.047201630859366	23.65344524383545
1	3	1030	0	0.6187122464179993	-20.0	-20.04672961455077	25.28205895423889
1	4	916	1	0.8242025971412659	-20.0	-20.04626231840526	26.71419906616211
1	5	821	1	0.6877270340919495	-21.0	-20.05579969522121	27.996355056762695
1	6	940	1	0.4410383105278015	-21.0	-20.065241698269	29.513347148895264
1	7	1001	1	0.6270316243171692	-21.0	-20.074589281286308	31.14879012107849
1	8	971	0	0.936549961566925	-20.0	-20.073843388473442	32.67507719993591
1	9	1056	1	0.7307409048080444	-21.0	-20.08310495458871	34.37633800506592
2	0	1071	0	0.6731963157653809	-19.0	-20.072273905042824	39.70000410079956
2	1	1212	1	0.59148770570755	-20.0	-20.071551165992396	41.62064003944397
2	2	1253	0	0.4105953574180603	-19.0	-20.06083565433247	43.61112189292908
2	3	1064	1	0.972442626953125	-21.0	-20.07022729778915	45.283419132232666
2	4	1095	1	0.7154451012611389	-20.0	-20.069525024811256	47.00814509391785
2	5	1301	0	0.5196699500083923	-21.0	-20.078829774563143	49.06130409240723
2	6	1004	1	0.9655836224555969	-21.0	-20.088041476817512	50.65936207771301
2	7	1061	1	0.3704676330089569	-21.0	-20.097161062049338	52.36011505126953
2	8	1185	1	0.732627809047699	-21.0	-20.106189451428847	54.217825174331665
2	9	879	1	0.3017396628856659	-21.0	-20.11512755691456	55.604923248291016
3	0	1649	0	0.8110348582267761	-18.0	-20.093976281345412	61.78116822242737
3	1	941	0	0.5097908973693848	-21.0	-20.103036518531958	63.25674510002136
3	2	1061	1	0.44093063473701477	-21.0	-20.112006153346638	64.95786499977112
3	3	1033	0	0.5059000253677368	-20.0	-20.11088609181317	66.57574200630188
3	4	1000	0	0.22543582320213318	-21.0	-20.11977723089504	68.15192103385925
3	5	1457	0	0.376130074262619	-20.0	-20.118579458586087	70.44517397880554
3	6	1157	1	0.5670994520187378	-20.0	-20.117393664000225	72.30346608161926
3	7	1158	0	0.6355403065681458	-20.0	-20.11621972736022	74.10616087913513
3	8	1465	0	0.7194737195968628	-18.0	-20.095057530086617	76.36501502990723
3	9	1220	0	0.19879844784736633	-20.0	-20.09410695478575	78.25746893882751
4	0	1215	1	0.8599319458007812	-20.0	-20.09316588523789	83.97650408744812
4	1	1151	0	0.3596436083316803	-20.0	-20.09223422638551	85.75873708724976
4	2	1219	0	0.4039618670940399	-20.0	-20.091311884121655	87.69075894355774
4	3	1001	1	0.9355508089065552	-21.0	-20.10039876528044	89.29229497909546
4	4	980	0	0.8654130697250366	-20.0	-20.099394777627634	90.82263803482056
4	5	1063	0	0.8796067237854004	-21.0	-20.10840082985136	92.47721695899963
4	6	1168	0	0.6468229293823242	-18.0	-20.087316821552843	94.37194609642029
4	7	1370	1	0.9946584105491638	-21.0	-20.096443653337314	96.50450992584229
4	8	1428	1	0.9126735329627991	-21.0	-20.105479216803943	98.74576616287231
4	9	1248	0	0.260207861661911	-19.0	-20.094424424635903	100.71981120109558
5	0	1878	1	0.17667658627033234	-20.0	-20.093480180389545	107.25447010993958
5	1	1468	1	0.33905529975891113	-18.0	-20.072545378585648	109.57088208198547
5	2	1309	0	0.4248045086860657	-19.0	-20.061819924799792	111.60164713859558
5	3	1318	0	0.8811848163604736	-19.0	-20.051201725551795	113.62821507453918
5	4	1092	1	0.7110294103622437	-20.0	-20.050689708296275	115.33365297317505
5	5	1540	0	0.9635737538337708	-16.0	-20.010182811213312	117.74898195266724
5	6	1337	1	0.9091530442237854	-20.0	-20.01008098310118	119.83894395828247
5	7	1438	1	0.5048128962516785	-19.0	-19.999980173270167	122.02660202980042
5	8	1193	1	0.42259448766708374	-19.0	-19.989980371537467	123.85383820533752
5	9	1122	0	0.5336817502975464	-21.0	-20.000080567822092	125.65059304237366
6	0	1859	0	0.6158605217933655	-19.0	-19.99007976214387	132.24874114990234
6	1	1040	0	0.59332674741745	-20.0	-19.990178964522432	133.90386509895325
6	2	1291	1	0.41327235102653503	-18.0	-19.970277174877207	135.92250609397888
6	3	1386	1	0.5636301040649414	-17.0	-19.940574403128437	138.06412386894226
6	4	1384	0	0.9223166108131409	-17.0	-19.911168659097154	140.20056819915771
6	5	1279	0	0.9116749167442322	-20.0	-19.912056972506182	142.18849515914917
6	6	1533	1	0.5668119788169861	-16.0	-19.87293640278112	144.63208293914795
6	7	1219	1	0.34064602851867676	-20.0	-19.87420703875331	146.54438495635986
6	8	1590	1	0.25645384192466736	-18.0	-19.855464968365776	149.02933311462402
6	9	1579	0	0.9043546319007874	-20.0	-19.856910318682118	151.49937891960144
7	0	1558	1	0.791939914226532	-19.0	-19.8483412154953	157.7196910381317
7	1	1442	1	0.903254508972168	-17.0	-19.819857803340348	159.9958689212799
7	2	1725	1	0.7629278302192688	-14.0	-19.761659225306946	162.63117694854736
7	3	1830	0	0.8217210173606873	-18.0	-19.744042633053876	165.45099401474
7	4	1388	1	0.8875670433044434	-17.0	-19.71660220672334	167.6253650188446
7	5	2048	0	0.49915415048599243	-17.0	-19.68943618465611	170.84792923927307
7	6	1188	1	0.5296045541763306	-19.0	-19.68254182280955	172.71455693244934
7	7	1062	1	0.6086360812187195	-21.0	-19.695716404581457	174.37539196014404
7	8	1436	0	0.8680482506752014	-19.0	-19.688759240535642	176.61196494102478
7	9	1193	1	0.9960030913352966	-19.0	-19.681871648130286	178.4729290008545
8	0	2165	1	0.8871804475784302	-12.0	-19.605052931648984	185.55850386619568
8	1	1843	1	0.596172034740448	-16.0	-19.569002402332494	188.41907405853271
8	2	1625	1	0.34198471903800964	-17.0	-19.54331237830917	190.96760082244873
8	3	1382	1	0.7698192596435547	-17.0	-19.51787925452608	193.11012601852417
8	4	1229	0	0.4693918228149414	-18.0	-19.50270046198082	195.0209128856659
8	5	1820	1	0.4649299383163452	-15.0	-19.457673457361008	197.8903911113739
8	6	1427	0	0.9733278751373291	-21.0	-19.4730967227874	200.17986726760864
8	7	1656	1	0.4019984006881714	-16.0	-19.438365755559527	202.79902410507202
8	8	1474	1	0.6459158062934875	-18.0	-19.423982098003933	205.07735085487366
8	9	1591	1	0.4747706949710846	-18.0	-19.40974227702389	207.56693291664124
9	0	1730	0	0.5935006141662598	-14.0	-19.355644854253654	213.9410810470581
9	1	1594	1	0.8485559821128845	-18.0	-19.342088405711117	216.43809628486633
9	2	1679	0	0.8319291472434998	-19.0	-19.338667521654006	219.0463240146637
9	3	1184	1	0.5510581731796265	-21.0	-19.355280846437466	220.88071393966675
9	4	1438	1	0.6556421518325806	-19.0	-19.351728037973093	223.09820318222046
9	5	1945	0	0.9139470458030701	-13.0	-19.28821075759336	226.15440893173218
9	6	1711	1	0.7032416462898254	-20.0	-19.295328650017428	228.8294222354889
9	7	1341	1	0.9441072344779968	-20.0	-19.302375363517253	230.94139313697815
9	8	1097	0	0.4596049189567566	-20.0	-19.30935160988208	232.68640208244324
9	9	1626	1	0.9020747542381287	-17.0	-19.28625809378326	235.21083331108093
10	0	1567	0	0.8009728789329529	-17.0	-19.26339551284543	241.42372107505798
10	1	1601	0	0.6463261842727661	-18.0	-19.250761557716977	243.85677695274353
10	2	1869	1	0.9662628173828125	-17.0	-19.22825394213981	246.7940821647644
10	3	2057	1	0.40623047947883606	-15.0	-19.18597140271841	250.06287002563477
10	4	1357	0	0.9989323019981384	-16.0	-19.154111688691223	252.1577730178833
10	5	2011	1	0.7423990964889526	-13.0	-19.09257057180431	255.3429880142212
10	6	2274	0	0.8138909339904785	-14.0	-19.041644866086266	258.87964606285095
10	7	1492	1	0.8991105556488037	-19.0	-19.041228417425405	261.2418439388275
10	8	1613	1	0.21668413281440735	-19.0	-19.040816133251152	263.7711522579193
10	9	1337	0	0.6204516291618347	-20.0	-19.050407971918638	265.8657720088959
11	0	1315	0	0.7718105912208557	-19.0	-19.049903892199453	271.74084520339966
11	1	2654	0	0.35230910778045654	-12.0	-18.979404853277458	275.9647650718689
11	2	1719	1	0.7963024377822876	-16.0	-18.949610804744683	278.63454413414
11	3	2230	0	0.4080973267555237	-17.0	-18.93011469669724	282.1434020996094
11	4	2004	0	0.8159863352775574	-13.0	-18.870813549730265	285.26751017570496
11	5	2060	1	0.7508366107940674	-15.0	-18.83210541423296	288.4719932079315
11	6	2000	0	0.6585388779640198	-15.0	-18.79378436009063	291.56709909439087
11	7	1410	0	0.9946035742759705	-18.0	-18.785846516489723	293.7717270851135
11	8	2695	1	0.7342822551727295	-9.0	-18.687988051324826	297.9564790725708
11	9	1808	1	0.7056142091751099	-17.0	-18.67110817081158	300.77879095077515
12	0	2060	1	0.8651974201202393	-15.0	-18.634397089103462	307.72750520706177
12	1	1888	0	0.7217872142791748	-18.0	-18.628053118212428	310.6651141643524
12	2	1601	1	0.6892422437667847	-16.0	-18.601772587030304	313.15931391716003
12	3	1531	0	0.9866874814033508	-18.0	-18.59575486116	315.51531291007996
12	4	1979	0	0.2967865467071533	-19.0	-18.5997973125484	318.57289600372314
12	5	1676	0	0.49221622943878174	-14.0	-18.553799339422916	321.1810030937195
12	6	1560	0	0.8899660110473633	-19.0	-18.558261346028686	323.64248299598694
12	7	2112	0	0.917022168636322	-19.0	-18.5626787325684	326.9527852535248
12	8	1698	1	0.614346444606781	-15.0	-18.527051945242714	329.58543586730957
12	9	1897	1	0.8574606776237488	-18.0	-18.521781425790287	332.5179362297058
13	0	1723	0	0.6619827747344971	-16.0	-18.496563611532384	339.05603194236755
13	1	1850	0	0.7279900312423706	-14.0	-18.451597975417062	341.8914649486542
13	2	1605	1	0.8550378680229187	-16.0	-18.427081995662892	344.34024596214294
13	3	2199	1	0.26929736137390137	-18.0	-18.42281117570626	347.7392489910126
13	4	2201	1	0.6525630354881287	-11.0	-18.3485830639492	351.15887808799744
13	5	2400	0	0.8177149891853333	-14.0	-18.30509723330971	354.93265891075134
13	6	1960	1	0.8616425395011902	-18.0	-18.302046260976613	357.9991149902344
13	7	1877	1	0.5684909224510193	-17.0	-18.28902579836685	360.9121742248535
13	8	1762	1	0.6607311367988586	-15.0	-18.25613554038318	363.62843012809753
13	9	1926	1	0.5723029375076294	-19.0	-18.26357418497935	366.67348623275757
14	0	2370	0	0.7974786758422852	-15.0	-18.230938443129556	374.16343808174133
14	1	2442	0	0.7603561282157898	-11.0	-18.15862905869826	377.93648505210876
14	2	2410	0	0.7929776906967163	-12.0	-18.09704276811128	381.6837360858917
14	3	2281	0	0.7256050705909729	-14.0	-18.056072340430166	385.2467751502991
14	4	2542	1	0.844592273235321	-10.0	-17.975511617025866	389.17422914505005
14	5	2073	1	0.19656972587108612	-13.0	-17.925756500855606	392.41843724250793
14	6	2311	1	0.10954148322343826	-13.0	-17.87649893584705	396.05000615119934
14	7	2733	0	0.7948234677314758	-8.0	-17.777733946488578	400.36266708374023
14	8	2763	0	0.5052240490913391	-7.0	-17.669956607023693	404.5638949871063
14	9	2550	1	0.6390658020973206	-13.0	-17.623257040953455	408.6147389411926
15	0	1991	0	0.355449914932251	-17.0	-17.61702447054392	415.6884741783142
15	1	2557	1	0.6059865951538086	-13.0	-17.57085422583848	419.71305799484253
15	2	2203	0	0.4311256408691406	-11.0	-17.505145683580096	423.2077491283417
15	3	2571	1	0.25014355778694153	-9.0	-17.420094226744293	427.22606015205383
15	4	2734	1	0.5869495868682861	-8.0	-17.325893284476848	431.534108877182
15	5	3004	1	0.3008139729499817	-7.0	-17.22263435163208	436.2157380580902
15	6	2307	1	0.969048798084259	-8.0	-17.130408008115758	439.8093922138214
15	7	2534	1	0.9676384925842285	-12.0	-17.079103928034602	443.71360301971436
15	8	2541	0	0.9175382256507874	-10.0	-17.008312888754258	447.71320104599
15	9	2777	1	0.49416327476501465	-10.0	-16.938229759866715	452.0713400840759
16	0	2729	0	0.1341003030538559	-8.0	-16.848847462268047	460.1317481994629
16	1	3074	0	0.35692813992500305	-5.0	-16.730358987645367	464.8886992931366
16	2	2412	1	0.7479915022850037	-12.0	-16.683055397768914	468.67532205581665
16	3	2431	1	0.7429611682891846	-13.0	-16.646224843791224	472.4626932144165
16	4	2543	1	0.6790655255317688	-10.0	-16.579762595353312	476.40323519706726
16	5	2472	1	0.6544569730758667	-12.0	-16.53396496939978	480.28097891807556
16	6	2979	1	0.7981528639793396	-8.0	-16.44862531970578	484.9285960197449
16	7	3162	1	0.9788219928741455	-8.0	-16.36413906650872	489.9187581539154
16	8	2953	0	0.9789534211158752	-7.0	-16.270497675843632	494.5385982990265
16	9	2859	0	0.9419540166854858	-6.0	-16.167792699085194	498.98306012153625
17	0	3366	0	0.7221332788467407	-2.0	-16.026114772094342	508.16912627220154
17	1	2403	1	0.9112657904624939	-14.0	-16.005853624373398	511.97768115997314
17	2	2292	1	0.8355436325073242	-12.0	-15.965795088129662	515.6142289638519
17	3	3498	1	0.9984753727912903	1.0	-15.796137137248365	521.0366220474243
17	4	1821	0	0.7096917033195496	-15.0	-15.788175765875883	523.8830740451813
17	5	2705	0	0.7473335862159729	-14.0	-15.770294008217125	528.0993421077728
17	6	3038	1	0.30742698907852173	-1.0	-15.622591068134954	532.7890210151672
17	7	2193	0	0.4248054325580597	-18.0	-15.646365157453603	536.1882801055908
17	8	2709	0	0.9757305383682251	-7.0	-15.559901505879067	540.4166920185089
17	9	2658	1	0.45795342326164246	-10.0	-15.504302490820276	544.569806098938
18	0	3850	0	0.7828860282897949	-2.0	-15.369259465912073	554.5105311870575
18	1	2635	0	0.8697982430458069	-9.0	-15.305566871252951	558.6143760681152
18	2	3367	1	0.6577621698379517	-2.0	-15.172511202540422	563.8603370189667
18	3	2283	0	0.8767330646514893	-14.0	-15.160786090515018	567.3827619552612
18	4	2490	0	0.972345232963562	-8.0	-15.089178229609868	571.2259790897369
18	5	3578	0	0.9995356798171997	2.0	-14.918286447313768	576.8506071567535
18	6	2706	0	0.9524304270744324	-7.0	-14.83910358284063	581.0201358795166
18	7	2812	0	0.8112565875053406	-9.0	-14.780712547012223	585.3778328895569
18	8	3187	1	0.9984114170074463	-7.0	-14.702905421542102	590.3312041759491
18	9	3071	1	0.11784621328115463	-2.0	-14.57587636732668	595.0589270591736
19	0	3116	0	0.223127081990242	-4.0	-14.470117603653412	603.8264210224152
19	1	2767	0	0.3516128361225128	-7.0	-14.395416427616878	608.1807820796967
19	2	2436	1	0.8976835608482361	-8.0	-14.33146226334071	611.9605340957642
19	3	3290	0	0.9408517479896545	-1.0	-14.198147640707301	617.0681140422821
19	4	3671	0	0.7094666957855225	-2.0	-14.076166164300227	622.7641921043396
19	5	2724	0	0.9658871293067932	-10.0	-14.035404502657224	626.9709959030151
19	6	3000	1	0.615590512752533	13.0	-13.76505045763065	631.5847301483154
19	7	3699	1	0.39255598187446594	-3.0	-13.657399953054343	637.4050712585449
19	8	3299	1	0.9580288529396057	-4.0	-13.560825953523798	642.5112519264221
19	9	2545	1	0.9948630928993225	11.0	-13.315217693988561	646.5127911567688
20	0	2782	0	0.9832526445388794	-10.0	-13.282065517048675	654.7539851665497
20	1	3261	0	0.6764461994171143	-7.0	-13.219244861878188	659.806272983551
20	2	2045	0	0.5278820991516113	-14.0	-13.227052413259406	662.9577012062073
20	3	3180	0	0.9947289824485779	5.0	-13.044781889126812	667.904618024826
20	4	3394	1	0.9993137121200562	4.0	-12.874334070235545	673.1883862018585
20	5	3844	1	0.5433681607246399	1.0	-12.73559072953319	679.146409034729
20	6	3211	1	0.6641773581504822	4.0	-12.568234822237859	684.1561789512634
20	7	2798	1	0.9828643798828125	-8.0	-12.52255247401548	688.5701861381531
20	8	2967	0	0.9339980483055115	-8.0	-12.477326949275325	693.1634199619293
20	9	3247	0	0.9200849533081055	-4.0	-12.392553679782571	698.2583229541779
21	0	2772	1	0.1642383188009262	-7.0	-12.338628142984746	706.4420511722565
21	1	2974	1	0.3456871509552002	-8.0	-12.295241861554898	711.0578291416168
21	2	3043	0	0.86344313621521	-6.0	-12.232289442939349	715.8574919700623
21	3	2992	1	0.9979234933853149	5.0	-12.059966548509955	720.5361371040344
21	4	3106	1	0.31040987372398376	-6.0	-11.999366883024855	725.3842191696167
21	5	2543	1	0.7900454998016357	-12.0	-11.999373214194605	729.3978970050812
21	6	2550	0	0.8657474517822266	-8.0	-11.95937948205266	733.4012930393219
21	7	3116	1	0.40348392724990845	-4.0	-11.879785687232133	738.229777097702
21	8	2623	1	0.26771971583366394	-11.0	-11.87098783035981	742.3544461727142
21	9	2910	0	0.5915989279747009	-8.0	-11.832277952056213	746.9392890930176
22	0	2692	1	0.9371639490127563	-11.0	-11.82395517253565	755.1084558963776
22	1	2837	0	0.9599634408950806	-5.0	-11.755715620810294	759.5463769435883
22	2	2558	1	0.017009098082780838	-8.0	-11.71815846460219	763.5444951057434
22	3	2866	0	0.3182355761528015	-6.0	-11.660976879956168	767.9698839187622
22	4	3629	1	0.9848182797431946	1.0	-11.534367111156607	773.6339700222015
22	5	3401	1	0.5034469962120056	-8.0	-11.499023440045042	778.9009149074554
22	6	2791	0	0.9428914189338684	-8.0	-11.464033205644592	783.2844789028168
22	7	3024	0	0.7971815466880798	-5.0	-11.399392873588146	788.0379681587219
22	8	2757	1	0.9480782747268677	10.0	-11.185398944852265	792.2827341556549
22	9	2567	0	0.7674834728240967	-11.0	-11.183544955403741	796.2544078826904
23	0	2776	1	0.9981271624565125	6.0	-11.011709505849703	804.565160036087
23	1	2972	1	0.48770633339881897	-8.0	-10.981592410791206	809.227667093277
23	2	2764	1	0.9976018071174622	6.0	-10.811776486683295	813.5301790237427
23	3	3576	1	0.203854501247406	-3.0	-10.733658721816461	819.1030380725861
23	4	2486	1	0.9807034730911255	-15.0	-10.776322134598297	822.950070142746
23	5	3061	1	0.3819006085395813	-2.0	-10.688558913252313	827.7430441379547
23	6	3264	1	0.9924405813217163	4.0	-10.541673324119792	832.8355641365051
23	7	2520	1	0.8222549557685852	-14.0	-10.576256590878595	836.8288850784302
23	8	3247	1	0.9988395571708679	1.0	-10.460494024969808	841.9469289779663
23	9	3710	1	0.9946960210800171	2.0	-10.33588908472011	847.7885570526123
24	0	3238	0	0.19334769248962402	-4.0	-10.272530193872909	856.6351401805878
24	1	3452	1	0.9627004861831665	4.0	-10.12980489193418	862.1060111522675
24	2	2558	1	0.9977250695228577	12.0	-9.90850684301484	866.0563750267029
24	3	2608	1	0.7167602777481079	-8.0	-9.88942177458469	870.1567380428314
24	4	3191	1	0.9956772923469543	8.0	-9.710527556838843	875.1752061843872
24	5	3074	1	0.9295560717582703	-5.0	-9.663422281270455	879.9606359004974
24	6	2912	1	0.9627004861831665	9.0	-9.47678805845775	884.5432240962982
24	7	2408	1	0.9977250695228577	16.0	-9.222020177873173	888.355473279953
24	8	3868	1	0.9999878406524658	1.0	-9.119799976094441	894.4126551151276
24	9	3047	1	0.9917458891868591	-6.0	-9.088601976333496	899.2863731384277
25	0	3516	0	0.6450514793395996	6.0	-8.93771595657016	908.7168080806732
25	1	2682	1	0.9683185815811157	14.0	-8.708338797004458	912.9153401851654
25	2	2847	1	0.9793620109558105	11.0	-8.511255409034414	917.3925380706787
25	3	2691	0	0.9539543390274048	-11.0	-8.53614285494407	921.616651058197
25	4	2579	1	0.9970130920410156	13.0	-8.320781426394628	925.5874991416931
25	5	2721	1	0.9766007661819458	11.0	-8.127573612130682	929.8635971546173
25	6	3170	1	0.9892358183860779	7.0	-7.976297876009374	934.8574259281158
25	7	3314	1	0.9999510049819946	8.0	-7.81653489724928	940.0840089321136
25	8	3405	1	0.7849236726760864	2.0	-7.718369548276788	945.4121589660645
25	9	3365	1	0.9984222650527954	3.0	-7.611185852794019	950.6922361850739
26	0	2977	0	0.696858286857605	9.0	-7.445073994266079	959.2872929573059
26	1	3482	1	0.9999512434005737	5.0	-7.320623254323419	964.7191119194031
26	2	3195	1	0.9238065481185913	6.0	-7.187417021780185	969.6005849838257
26	3	3494	1	0.9993565678596497	8.0	-7.035542851562383	974.9892711639404
26	4	2856	1	0.9559901356697083	9.0	-6.875187423046759	979.423495054245
26	5	3479	1	0.9929283261299133	3.0	-6.776435548816291	984.850193977356
26	6	3086	1	0.9880449175834656	4.0	-6.668671193328128	989.7205760478973
26	7	2544	1	0.9745755195617676	14.0	-6.461984481394848	993.6663842201233
26	8	2364	1	0.9015544652938843	16.0	-6.2373646365808995	997.4107551574707
26	9	3634	1	0.9980924725532532	2.0	-6.154990990215091	1003.186897277832
27	0	3513	1	0.9627130627632141	4.0	-6.05344108031294	1012.6185610294342
27	1	3467	1	0.9983243346214294	5.0	-5.94290666950981	1018.0831081867218
27	2	3025	0	0.7671765089035034	-5.0	-5.933477602814712	1022.8284599781036
27	3	2751	1	0.9994435906410217	10.0	-5.774142826786565	1027.1832339763641
27	4	3766	1	0.999961256980896	7.0	-5.646401398518699	1032.9972140789032
27	5	2447	1	0.9933100938796997	15.0	-5.439937384533511	1036.8039648532867
27	6	2049	1	0.9993835687637329	21.0	-5.175538010688176	1040.0109260082245
27	7	2260	0	0.43061363697052	-13.0	-5.253782630581294	1043.5430221557617
27	8	3421	0	0.7692077159881592	-2.0	-5.22124480427548	1048.894147157669
27	9	2435	1	0.9882209300994873	12.0	-5.0490323562327255	1052.7175319194794
28	0	3069	1	0.9992146492004395	6.0	-4.938542032670399	1061.5999569892883
28	1	2524	1	0.9703552722930908	15.0	-4.739156612343694	1065.6312849521637
28	2	2711	1	0.8217999339103699	-7.0	-4.761765046220257	1069.880785226822
28	3	3194	1	0.9990724325180054	6.0	-4.654147395758055	1074.8376152515411
28	4	3403	1	0.9995154142379761	5.0	-4.557605921800475	1080.0421161651611
28	5	2646	1	0.9703552722930908	15.0	-4.362029862582469	1084.1065800189972
28	6	3014	1	0.9989472031593323	6.0	-4.258409563956644	1088.8260779380798
28	7	2638	1	0.9997593760490417	13.0	-4.085825468317078	1092.9473240375519
28	8	2689	1	0.9972176551818848	12.0	-3.9249672136339075	1097.0932750701904
28	9	2330	1	0.9703552722930908	17.0	-3.7157175414975687	1100.770958185196
29	0	2197	1	0.982359766960144	19.0	-3.4885603660825932	1108.2164659500122
29	1	3431	1	0.8928192257881165	8.0	-3.3736747624217673	1113.5689249038696
29	2	4105	1	0.9999203681945801	1.0	-3.3299380147975497	1120.0290710926056
29	3	3524	1	0.7689181566238403	-6.0	-3.356638634649574	1125.5838010311127
29	4	2945	1	0.9976309537887573	-9.0	-3.413072248303078	1130.1884670257568
29	5	3239	1	0.982359766960144	10.0	-3.278941525820047	1135.1744220256805
29	6	3208	1	0.9620394706726074	9.0	-3.156152110561847	1140.1759130954742
29	7	2502	1	0.9994615912437439	15.0	-2.9745905894562283	1144.0745720863342
29	8	2661	1	0.9986832737922668	14.0	-2.804844683561666	1148.2450881004333
29	9	3143	1	0.9264837503433228	9.0	-2.6867962367260496	1153.2225029468536
30	0	2084	1	0.9994910955429077	20.0	-2.459928274358789	1160.4610109329224
30	1	2437	1	0.9786943793296814	14.0	-2.295328991615201	1164.3028569221497
30	2	3561	1	0.9999464750289917	6.0	-2.212375701699049	1169.8684811592102
30	3	2736	1	0.9962309002876282	14.0	-2.050251944682058	1174.1239931583405
30	4	3364	1	0.9044607877731323	6.0	-1.9697494252352374	1179.3760330677032
30	5	3191	0	0.565700352191925	8.0	-1.870051930982885	1184.357703924179
30	6	2479	1	0.9998021721839905	14.0	-1.7113514116730562	1188.2213079929352
30	7	2738	1	0.9786943793296814	14.0	-1.5542378975563254	1192.4426391124725
30	8	3301	1	0.9997852444648743	3.0	-1.508695518580762	1197.5959141254425
30	9	2252	1	0.9941378831863403	17.0	-1.3236085633949544	1201.1775271892548
31	0	2502	1	0.9998182654380798	15.0	-1.160372477761005	1208.986340045929
31	1	3371	1	0.9998182654380798	1.0	-1.138768752983395	1214.3777651786804
31	2	3030	1	0.9735748171806335	9.0	-1.037381065453561	1219.2749161720276
31	3	2566	1	0.9998679161071777	15.0	-0.8770072547990252	1223.2792840003967
31	4	2400	1	0.9735748171806335	15.0	-0.718237182251035	1227.1316301822662
31	5	2053	1	0.9998642206192017	21.0	-0.5010548104285246	1230.4349892139435
31	6	2731	1	0.9998564720153809	12.0	-0.3760442623242394	1234.812924861908
31	7	3186	1	0.9735748171806335	13.0	-0.242283819700997	1239.9075980186462
31	8	2051	1	0.9998182654380798	21.0	-0.029860981503987027	1243.1890060901642
31	9	3518	0	0.9987984895706177	7.0	0.04043762831105285	1248.7636601924896
32	0	2295	1	0.9746010899543762	18.0	0.22003325202794233	1256.3105800151825
32	1	2525	1	0.9950675964355469	15.0	0.3678329195076629	1260.326208114624
32	2	2833	1	0.996526300907135	13.0	0.49415459031258624	1264.8781728744507
32	3	2601	1	0.9746010899543762	16.0	0.6492130444094604	1269.038281917572
32	4	2559	1	0.9746010899543762	14.0	0.7827209139653658	1273.1233458518982
32	5	2942	1	0.9998964071273804	11.0	0.8848937048257122	1277.743113040924
32	6	2151	1	0.9998654127120972	18.0	1.056044767777455	1281.1576609611511
32	7	2878	1	0.9998654127120972	13.0	1.1754843200996805	1285.7112319469452
32	8	2303	1	0.9998899698257446	19.0	1.3537294768986836	1289.398598909378
32	9	2630	0	0.164342001080513	-11.0	1.2301921821296966	1293.6004610061646
33	0	3270	1	0.9687915444374084	9.0	1.3078902603083997	1302.619205236435
33	1	3595	1	0.9956569671630859	10.0	1.3948113577053158	1308.253319978714
33	2	2487	1	0.9687915444374084	16.0	1.5408632441282626	1312.1796960830688
33	3	1991	1	0.9999208450317383	21.0	1.73545461168698	1315.3249878883362
33	4	2445	1	0.9999148845672607	15.0	1.86810006557011	1319.236871957779
33	5	3115	1	0.99920254945755	8.0	1.929419064914409	1324.2418701648712
33	6	3137	1	0.9998005032539368	4.0	1.9501248742652648	1329.333739042282
33	7	2683	1	0.9998120665550232	15.0	2.080623625522612	1333.6755621433258
33	8	3102	1	0.9999005794525146	10.0	2.159817389267386	1338.6806571483612
33	9	3749	1	0.9762406945228577	9.0	2.228219215374712	1344.6715462207794
34	0	3766	1	0.9732109308242798	7.0	2.2759370232209646	1354.534516096115
34	1	2591	1	0.9732109308242798	13.0	2.383177652988755	1358.6425988674164
34	2	2480	1	0.999909520149231	14.0	2.4993458764588676	1362.5642070770264
34	3	2554	1	0.999909520149231	12.0	2.594352417694279	1366.6369941234589
34	4	2298	1	0.9998999834060669	19.0	2.758408893517336	1370.2901031970978
34	5	2220	1	0.9997982382774353	18.0	2.9108248045821625	1373.8673269748688
34	6	2348	1	0.9998807907104492	16.0	3.041716556536341	1377.6207330226898
34	7	2466	1	0.9998999834060669	16.0	3.1712993909709777	1381.5546250343323
34	8	2317	1	0.9996860027313232	17.0	3.309586397061268	1385.2794969081879
34	9	2149	1	0.999909520149231	20.0	3.4764905330906553	1388.7159960269928
35	0	3072	1	0.8787440061569214	13.0	3.5717256277597484	1397.5083799362183
35	1	2158	1	0.9999182224273682	18.0	3.7160083714821512	1401.0475220680237
35	2	2045	1	0.9999109506607056	21.0	3.88884828776733	1404.5590620040894
35	3	2533	0	0.03430340066552162	13.0	3.9799598048896563	1408.5823192596436
35	4	2763	1	0.9999109506607056	16.0	4.100160206840759	1413.0076580047607
35	5	2297	1	0.9828305244445801	18.0	4.239158604772352	1416.783268213272
35	6	1988	1	0.9998418092727661	21.0	4.406767018724628	1420.0332670211792
35	7	3427	1	0.9656966328620911	8.0	4.442699348537382	1425.4648492336273
35	8	3449	1	0.9828305244445801	9.0	4.4882723550520085	1430.967341184616
35	9	3892	1	0.9997264742851257	5.0	4.493389631501488	1437.2132580280304
36	0	3563	1	0.9999290704727173	4.0	4.488455735186474	1446.8796410560608
36	1	4215	1	0.9544415473937988	6.0	4.503571177834608	1453.6728880405426
36	2	2470	1	0.9553897976875305	18.0	4.638535466056262	1457.6226689815521
36	3	3328	1	0.9999290704727173	2.0	4.612150111395699	1462.8992221355438
36	4	3818	1	0.9966453909873962	9.0	4.656028610281742	1468.9779460430145
36	5	3009	1	0.9978237152099609	15.0	4.759468324178925	1473.7782220840454
36	6	2740	1	0.9966453909873962	14.0	4.851873640937135	1478.119311094284
36	7	3759	1	0.9999290704727173	5.0	4.853354904527763	1484.1377642154694
36	8	3023	1	0.9553897976875305	11.0	4.914821355482486	1489.0290749073029
36	9	3508	1	0.9998973608016968	7.0	4.935673141927661	1494.6033091545105
37	0	2460	1	0.9999275207519531	18.0	5.066316410508384	1502.4795150756836
37	1	3133	1	0.9999275207519531	9.0	5.1056532464033	1507.573403120041
37	2	2898	1	0.9745416641235352	13.0	5.184596713939267	1512.2828660011292
37	3	3366	1	0.9985777139663696	8.0	5.212750746799874	1517.7675831317902
37	4	2416	1	0.9999191761016846	14.0	5.300623239331875	1521.5437550544739
37	5	2200	1	0.9745416641235352	19.0	5.437617006938557	1525.0060620307922
37	6	2897	1	0.9999285936355591	9.0	5.473240836869171	1529.5875279903412
37	7	3652	1	0.801659882068634	-4.0	5.378508428500479	1535.4440920352936
37	8	3114	1	0.9999963045120239	12.0	5.444723344215474	1540.4607770442963
37	9	2086	1	0.9999275207519531	20.0	5.590276110773319	1543.8123519420624
38	0	2339	1	0.9998965263366699	18.0	5.7143733496655855	1551.5079538822174
38	1	2807	1	0.9999008178710938	15.0	5.80722961616893	1555.9741661548615
38	2	1986	1	0.9998965263366699	21.0	5.9591573200072405	1559.1401860713959
38	3	2145	1	0.9998965263366699	20.0	6.099565746807168	1562.576700925827
38	4	2868	1	0.9935653805732727	15.0	6.1885700893390965	1567.2213199138641
38	5	2551	1	0.9999008178710938	12.0	6.246684388445706	1571.2550880908966
38	6	4435	1	0.9975558519363403	5.0	6.234217544561249	1578.3087911605835
38	7	2912	1	0.9990473389625549	12.0	6.291875369115636	1582.904283285141
38	8	3585	1	0.998524010181427	7.0	6.29895661542448	1588.687880039215
38	9	2740	1	0.9998940229415894	15.0	6.385967049270235	1593.0752971172333
39	0	2809	1	0.9998205304145813	15.0	6.472107378777533	1601.4197189807892
39	1	4097	1	0.9939462542533875	6.0	6.467386304989757	1607.9656751155853
39	2	2911	1	0.9983470439910889	14.0	6.54271244193986	1612.588819026947
39	3	3365	1	0.9954441785812378	13.0	6.607285317520461	1617.9533240795135
39	4	2266	1	0.9998486042022705	20.0	6.7412124643452564	1621.5645031929016
39	5	2913	1	0.9929167032241821	14.0	6.813800339701803	1626.18874502182
39	6	2143	1	0.9998047947883606	20.0	6.945662336304785	1629.6351051330566
39	7	2084	1	0.9998111128807068	20.0	7.0762057129417375	1632.9320430755615
39	8	2045	1	0.9975014328956604	20.0	7.20544365581232	1636.143811225891
39	9	2085	1	0.9998515844345093	20.0	7.3333892192541965	1639.4325251579285
40	0	2235	1	0.9901330471038818	18.0	7.440055327061654	1646.8715620040894
40	1	2459	1	0.8189897537231445	-16.0	7.2056547737910375	1650.8005230426788
40	2	2335	1	0.998660683631897	18.0	7.313598226053127	1654.6162340641022
40	3	3224	1	0.9998370409011841	3.0	7.270462243792596	1659.965588092804
40	4	2199	1	0.9982461929321289	19.0	7.3877576213546705	1663.6097102165222
40	5	3328	1	0.9922326803207397	9.0	7.403880045141124	1669.1329221725464
40	6	3090	1	0.9956129789352417	14.0	7.469841244689712	1674.089361190796
40	7	2929	1	0.9998080134391785	10.0	7.495142832242815	1678.7612869739532
40	8	2356	1	0.9932852983474731	18.0	7.600191403920386	1682.5501182079315
40	9	2588	1	0.9998457431793213	11.0	7.634189489881182	1686.7346820831299
41	0	2539	1	0.9998111128807068	14.0	7.6978475949823695	1694.5782001018524
41	1	2431	1	0.9982013702392578	17.0	7.790869119032545	1698.471442937851
41	2	2337	1	0.9997454285621643	18.0	7.89296042784222	1702.2402958869934
41	3	2483	1	0.9504770040512085	16.0	7.9740308235637976	1706.2047190666199
41	4	3188	1	0.9954270124435425	13.0	8.02429051532816	1711.2244081497192
41	5	2466	1	0.999777615070343	16.0	8.104047610174877	1715.1666259765625
41	6	2259	1	0.9909639358520508	19.0	8.213007134073129	1718.760046005249
41	7	1991	1	0.9998111128807068	21.0	8.340877062732398	1721.8713800907135
41	8	2214	1	0.9996412992477417	18.0	8.437468292105073	1725.3323121070862
41	9	3374	1	0.9891965389251709	11.0	8.463093609184021	1730.6784381866455
42	0	2334	1	0.9997215867042542	18.0	8.55846267309218	1738.2600300312042
42	1	2154	1	0.9997866749763489	18.0	8.652878046361257	1741.6723861694336
42	2	2202	1	0.9950544834136963	19.0	8.756349265897644	1745.1585981845856
42	3	3717	1	0.9972044825553894	10.0	8.768785773238667	1751.0902190208435
42	4	3329	1	0.9950544834136963	9.0	8.77109791550628	1756.373696088791
42	5	2443	1	0.9998226761817932	15.0	8.833386936351218	1760.2380521297455
42	6	3010	1	0.9950544834136963	13.0	8.875053066987707	1765.0046689510345
42	7	2299	0	0.29845836758613586	-15.0	8.63630253631783	1768.724385023117
42	8	3082	1	0.9998226761817932	4.0	8.58993951095465	1773.7232871055603
42	9	3317	1	0.9997866749763489	4.0	8.544040115845103	1778.9807941913605
43	0	3017	1	0.9980138540267944	16.0	8.618599714686653	1787.6187152862549
43	1	2004	1	0.9896177649497986	21.0	8.742413717539787	1790.802953004837
43	2	2474	0	0.002380856079980731	-12.0	8.534989580364389	1794.6751799583435
43	3	3090	1	0.9845901727676392	14.0	8.589639684560746	1799.590271949768
43	4	3664	1	0.996797502040863	8.0	8.583743287715139	1805.4791581630707
43	5	2338	1	0.9997294545173645	18.0	8.677905854837988	1809.2148978710175
43	6	2248	1	0.9998369216918945	17.0	8.761126796289608	1812.8407731056213
43	7	3788	1	0.9804822206497192	6.0	8.733515528326713	1818.9672620296478
43	8	2066	1	0.6653152704238892	-15.0	8.496180373043446	1822.2830588817596
43	9	1987	1	0.9998278617858887	21.0	8.621218569313012	1825.468542098999
44	0	2624	1	0.9974907636642456	17.0	8.705006383619882	1833.463147163391
44	1	2665	1	0.9987276196479797	19.0	8.807956319783683	1837.7085719108582
44	2	2536	1	0.9999040365219116	16.0	8.879876756585846	1841.7102530002594
44	3	3079	1	0.9987276196479797	11.0	8.901077989019987	1846.558888912201
44	4	3098	1	0.9976412057876587	12.0	8.932067209129785	1851.523311138153
44	5	3022	1	0.9071818590164185	14.0	8.982746537038489	1856.3261749744415
44	6	2700	1	0.9998878240585327	13.0	9.022919071668104	1860.6193840503693
44	7	3205	1	0.9974907636642456	14.0	9.072689880951424	1865.717975139618
44	8	2914	1	0.9913661479949951	17.0	9.15196298214191	1870.4023690223694
44	9	2824	1	0.9998878240585327	11.0	9.17044335232049	1874.931606054306
45	0	1986	1	0.9999263286590576	21.0	9.288738918797286	1881.9040069580078
45	1	3064	1	0.9992220401763916	6.0	9.255851529609313	1886.752520084381
45	2	2252	1	0.9999289512634277	17.0	9.33329301431322	1890.3309891223907
45	3	2485	0	0.6663879752159119	-13.0	9.109960084170087	1894.3041322231293
45	4	2266	0	0.040386322885751724	17.0	9.188860483328385	1897.9106979370117
45	5	2951	1	0.9596136808395386	13.0	9.226971878495101	1902.5940470695496
45	6	3734	1	0.9999263286590576	1.0	9.14470215971015	1908.6197800636292
45	7	3106	1	0.9871865510940552	15.0	9.203255138113049	1913.5356650352478
45	8	2181	1	0.9114185571670532	-15.0	8.961222586731918	1917.010577917099
45	9	2674	1	0.998279333114624	14.0	9.0116103608646	1921.3490669727325
46	0	2346	1	0.9999369382858276	16.0	9.081494257255954	1928.9565420150757
46	1	3304	1	0.973964273929596	13.0	9.120679314683395	1934.1835560798645
46	2	2722	1	0.9999301433563232	9.0	9.119472521536562	1938.4334380626678
46	3	1986	1	0.9999394416809082	21.0	9.238277796321197	1941.5115451812744
46	4	2785	1	0.9999301433563232	14.0	9.285895018357985	1945.8423869609833
46	5	2501	1	0.9999301433563232	15.0	9.343036068174406	1949.7754769325256
46	6	2809	0	0.8042392134666443	-6.0	9.189605707492662	1954.2104499340057
46	7	2039	1	0.8078871965408325	20.0	9.297709650417735	1957.4216561317444
46	8	3172	1	0.9982473850250244	10.0	9.304732553913556	1962.3723220825195
46	9	2017	1	0.9977387189865112	-18.0	9.031685228374421	1965.579551935196
47	0	3172	1	0.9898494482040405	10.0	9.041368376090677	1974.4602539539337
47	1	2992	1	0.9985854625701904	15.0	9.10095469232977	1979.1534469127655
47	2	2793	1	0.9992885589599609	17.0	9.179945145406473	1983.526789188385
47	3	2624	1	0.9998793601989746	15.0	9.238145693952408	1987.1449012756348
47	4	3171	1	0.9985854625701904	10.0	9.245764237012883	1991.3982610702515
47	5	2436	1	0.9998793601989746	17.0	9.323306594642755	1994.663728237152
47	6	3249	1	0.998755931854248	9.0	9.320073528696327	1999.1008970737457
47	7	2343	1	0.9992885589599609	20.0	9.426872793409363	2002.5366320610046
47	8	2370	1	0.9999179840087891	17.0	9.50260406547527	2005.9820458889008
47	9	3781	1	0.9942178726196289	8.0	9.487578024820516	2011.2873289585114
48	0	3553	1	0.9989107847213745	6.0	9.452702244572311	2020.0192499160767
48	1	3529	1	0.9985184073448181	10.0	9.458175222126588	2025.2537860870361
48	2	2473	1	0.9999339580535889	14.0	9.503593469905322	2029.2181241512299
48	3	3610	1	0.9989232420921326	11.0	9.518557535206268	2034.9066140651703
48	4	3292	1	0.9989232420921326	15.0	9.573371959854205	2040.0792870521545
48	5	2615	1	0.9999339580535889	17.0	9.647638240255663	2044.2129981517792
48	6	4079	1	0.9989107847213745	3.0	9.581161857853106	2050.7147240638733
48	7	2364	1	0.9429874420166016	16.0	9.645350239274574	2054.423721075058
48	8	2117	1	0.9999339580535889	19.0	9.738896736881827	2057.772057056427
48	9	2509	1	0.9988528490066528	17.0	9.811507769513009	2061.6790170669556
49	0	3215	1	0.9973992109298706	12.0	9.833392691817878	2070.4747710227966
49	1	2554	1	0.9999371767044067	17.0	9.9050587648997	2074.50461602211
49	2	3045	1	0.9999270439147949	10.0	9.906008177250703	2079.2480189800262
49	3	2472	1	0.998318076133728	18.0	9.986948095478196	2083.1191790103912
49	4	3285	1	0.9784619808197021	-8.0	9.807078614523414	2088.1919412612915
49	5	2682	1	0.9999371767044067	15.0	9.85900782837818	2092.358258008957
49	6	2665	1	0.9995139837265015	16.0	9.920417750094398	2096.503513097763
49	7	2176	1	0.999940037727356	19.0	10.011213572593453	2099.897670984268
49	8	2934	1	0.998894989490509	15.0	10.061101436867519	2104.4765911102295
49	9	2603	1	0.9999270439147949	14.0	10.100490422498844	2108.5487580299377
