0	0	1002	1	0.5252120494842529	-21.0	-21.0	1.6950500011444092
0	1	1127	0	0.7337952852249146	-19.0	-20.98	3.4609928131103516
0	2	754	0	0.4386061429977417	-21.0	-20.9802	4.643220901489258
0	3	937	1	0.4599626958370209	-21.0	-20.980398	6.118314981460571
0	4	758	0	0.8644515872001648	-21.0	-20.98059402	7.3173508644104
0	5	817	1	0.737047553062439	-21.0	-20.980788079800003	8.619724750518799
0	6	942	0	0.5521420240402222	-21.0	-20.980980199002005	10.097391843795776
0	7	973	0	0.8402823209762573	-20.0	-20.971170397011985	11.642790794372559
0	8	1262	0	0.6622493863105774	-17.0	-20.931458693041865	13.644659996032715
0	9	755	0	0.2323874533176422	-21.0	-20.932144106111448	14.825639009475708
1	0	937	0	0.2747332453727722	-21.0	-20.932822665050335	20.02169680595398
1	1	1156	0	0.6141301989555359	-20.0	-20.923494438399832	21.838517904281616
1	2	941	0	0.879332423210144	-21.0	-20.924259494015836	23.454336881637573
1	3	754	0	0.6817752122879028	-21.0	-20.92501689907568	24.717805862426758
1	4	977	1	0.36167341470718384	-20.0	-20.915766730084922	26.28692388534546
1	5	759	1	0.4561852812767029	-21.0	-20.916609062784072	27.507166862487793
1	6	1034	0	0.5136609673500061	-20.0	-20.907442972156232	29.14449691772461
1	7	936	1	0.4339276850223541	-21.0	-20.908368542434673	30.59628176689148
1	8	755	0	0.7506903409957886	-21.0	-20.909284857010327	31.76757287979126
1	9	971	1	0.5194517970085144	-20.0	-20.90019200844022	33.32415294647217
2	0	1246	0	0.6193034052848816	-21.0	-20.90119008835582	39.03246188163757
2	1	756	0	0.2795257270336151	-21.0	-20.90217818747226	40.23286986351013
2	2	879	0	0.41228073835372925	-21.0	-20.90315640559754	41.594297885894775
2	3	995	1	0.3875056505203247	-21.0	-20.904124841541563	43.155149936676025
2	4	819	0	0.5290948748588562	-21.0	-20.905083593126147	44.45143675804138
2	5	1003	1	0.8951416015625	-21.0	-20.906032757194886	46.07705283164978
2	6	939	0	0.6124942898750305	-21.0	-20.90697242962294	47.58209276199341
2	7	939	1	0.8126103281974792	-21.0	-20.907902705326713	49.057360887527466
2	8	1206	0	0.4867990016937256	-17.0	-20.868823678273447	50.956084966659546
2	9	1059	1	0.7271916270256042	-21.0	-20.870135441490714	52.642833948135376
3	0	757	1	0.39086049795150757	-21.0	-20.87143408707581	57.57387089729309
3	1	878	0	0.8474180102348328	-21.0	-20.87271974620505	58.981163024902344
3	2	1164	1	0.5923879146575928	-18.0	-20.843992548743	60.79868793487549
3	3	1518	1	0.30926305055618286	-15.0	-20.78555262325557	63.223087787628174
3	4	1254	1	0.47987303137779236	-19.0	-20.767697097023014	65.22097110748291
3	5	942	0	0.5773827433586121	-21.0	-20.770020126052785	66.72581672668457
3	6	1012	0	0.9153968691825867	-19.0	-20.752319924792257	68.31108379364014
3	7	756	0	0.6258558630943298	-21.0	-20.754796725544335	69.5065758228302
3	8	878	0	0.4493057429790497	-21.0	-20.757248758288892	70.90439510345459
3	9	760	0	0.9211252927780151	-21.0	-20.759676270706002	72.13465666770935
4	0	821	0	0.6607345938682556	-21.0	-20.762079507998944	77.01415300369263
4	1	1587	0	0.8699272274971008	-13.0	-20.684458712918953	79.46413898468018
4	2	1298	1	0.38894587755203247	-21.0	-20.687614125789764	81.50398397445679
4	3	1385	0	0.882067859172821	-17.0	-20.65073798453187	83.68596291542053
4	4	1058	1	0.7063523530960083	-21.0	-20.65423060468655	85.34862971305847
4	5	1289	1	0.45171481370925903	-18.0	-20.627688298639683	87.36265683174133
4	6	1312	0	0.6971933245658875	-19.0	-20.611411415653286	89.42535877227783
4	7	942	0	0.9305238127708435	-21.0	-20.615297301496753	90.90257596969604
4	8	759	0	0.26883959770202637	-21.0	-20.619144328481784	92.10945582389832
4	9	874	1	0.7311604022979736	-21.0	-20.622952885196966	93.48086786270142
5	0	1375	1	0.9414668679237366	-21.0	-20.626723356344996	99.36156487464905
5	1	1628	0	0.35784295201301575	-17.0	-20.590456122781546	101.92891883850098
5	2	883	1	0.5509244203567505	-21.0	-20.594551561553732	103.31617474555969
5	3	878	1	0.4695717692375183	-21.0	-20.598606045938197	104.69290399551392
5	4	1642	1	0.6403282284736633	-20.0	-20.592619985478816	107.28907299041748
5	5	1181	0	0.7529414296150208	-21.0	-20.59669378562403	109.15077090263367
5	6	877	0	0.5904979705810547	-21.0	-20.600726847767792	110.50282597541809
5	7	1063	0	0.7793336510658264	-21.0	-20.604719579290116	112.13845300674438
5	8	759	1	0.5415157675743103	-21.0	-20.608672383497215	113.3415470123291
5	9	999	0	0.8370768427848816	-21.0	-20.612585659662244	114.91098189353943
6	0	1691	0	0.4575791656970978	-17.0	-20.576459803065624	121.2580668926239
6	1	1416	0	0.49675145745277405	-18.0	-20.550695205034966	123.5170350074768
6	2	1447	1	0.4952389895915985	-17.0	-20.51518825298462	125.81149697303772
6	3	1339	0	0.8218415975570679	-20.0	-20.51003637045477	127.92826294898987
6	4	1036	1	0.5588923692703247	-20.0	-20.50493600675022	129.5426959991455
6	5	1169	0	0.7446454167366028	-18.0	-20.47988664668272	131.36299872398376
6	6	1126	1	0.37245914340019226	-21.0	-20.485087780215892	133.11290979385376
6	7	1559	0	0.3085181415081024	-19.0	-20.470236902413735	135.53211283683777
6	8	1286	1	0.49616941809654236	-18.0	-20.445534533389598	137.5407748222351
6	9	1060	1	0.34103262424468994	-21.0	-20.4510791880557	139.2187259197235
7	0	1313	0	0.6557286381721497	-19.0	-20.436568396175144	145.0354037284851
7	1	944	1	0.616554856300354	-21.0	-20.442202712213394	146.52206587791443
7	2	1062	0	0.7444456219673157	-21.0	-20.44778068509126	148.20119976997375
7	3	1345	1	0.6636850237846375	-18.0	-20.423302878240346	150.34220504760742
7	4	1693	0	0.4615281820297241	-15.0	-20.36906984945794	152.98104667663574
7	5	1689	1	0.927872359752655	-17.0	-20.335379150963362	155.6239538192749
7	6	1688	0	0.5532003045082092	-12.0	-20.25202535945373	158.2861430644989
7	7	1319	1	0.32011985778808594	-17.0	-20.21950510585919	160.36973190307617
7	8	1132	1	0.7553015351295471	-19.0	-20.2073100548006	162.1786880493164
7	9	1599	1	0.2922523021697998	-16.0	-20.165236954252595	164.71385383605957
8	0	1065	1	0.5163237452507019	-21.0	-20.17358458471007	170.17024898529053
8	1	1420	0	0.9488805532455444	-16.0	-20.13184873886297	172.44212102890015
8	2	1965	0	0.7386452555656433	-16.0	-20.09053025147434	175.60301971435547
8	3	1746	1	0.3690268099308014	-12.0	-20.009624948959598	178.39722180366516
8	4	1805	0	0.8477959036827087	-12.0	-19.92952869947	181.24409079551697
8	5	1067	1	0.48528143763542175	-19.0	-19.9202334124753	182.92642378807068
8	6	1406	1	0.6854610443115234	-18.0	-19.90103107835055	185.15013790130615
8	7	1676	0	0.7212979197502136	-14.0	-19.842020767567043	187.7778298854828
8	8	1556	0	0.4397977292537689	-19.0	-19.833600559891373	190.27543091773987
8	9	1761	1	0.49156612157821655	-15.0	-19.785264554292457	193.08085680007935
9	0	1434	1	0.5232462882995605	-19.0	-19.777411908749535	198.98621487617493
9	1	1662	0	0.35620057582855225	-16.0	-19.73963778966204	201.60686087608337
9	2	1911	0	0.6928858757019043	-14.0	-19.68224141176542	204.61494874954224
9	3	1969	1	0.8414347767829895	-14.0	-19.625418997647767	207.71236300468445
9	4	2205	0	0.8350664377212524	-11.0	-19.539164807671288	211.19274187088013
9	5	2084	0	0.5633528232574463	-16.0	-19.503773159594576	214.46944069862366
9	6	1303	1	0.8885309100151062	-21.0	-19.51873542799863	216.52742099761963
9	7	1757	1	0.6503570079803467	-15.0	-19.473548073718643	219.26233673095703
9	8	2027	0	0.5975464582443237	-14.0	-19.418812592981457	222.4397189617157
9	9	1977	1	0.3880212903022766	-14.0	-19.36462446705164	225.50930380821228
10	0	1556	0	0.4230034351348877	-14.0	-19.310978222381124	231.85835075378418
10	1	1379	1	0.6935350894927979	-19.0	-19.307868440157314	234.03955006599426
10	2	1627	0	0.6709493398666382	-17.0	-19.284789755755742	236.6278998851776
10	3	941	1	0.8266913890838623	-21.0	-19.301941858198187	238.12191081047058
10	4	1971	1	0.3746245205402374	-14.0	-19.248922439616205	241.25376892089844
10	5	1323	1	0.49532845616340637	-17.0	-19.226433215220045	243.3718967437744
10	6	1631	1	0.6076606512069702	-17.0	-19.204168883067847	246.00967288017273
10	7	1306	1	0.5118258595466614	-21.0	-19.22212719423717	248.07133293151855
10	8	1376	0	0.9258655905723572	-19.0	-19.2199059222948	250.2937638759613
10	9	1442	0	0.5752792954444885	-19.0	-19.217706863071854	252.5976300239563
11	0	1531	0	0.847585141658783	-18.0	-19.205529794441134	258.7282598018646
11	1	1940	0	0.31658998131752014	-15.0	-19.163474496496722	261.78569293022156
11	2	2250	1	0.1516139656305313	-8.0	-19.05183975153175	265.3466897010803
11	3	1787	0	0.6615144610404968	-16.0	-19.021321354016433	268.17819380760193
11	4	1665	1	0.4054681956768036	-16.0	-18.991108140476268	270.83523988723755
11	5	1321	0	0.8685301542282104	-17.0	-18.971197059071507	272.90901470184326
11	6	1286	1	0.5197908282279968	-18.0	-18.961485088480792	274.88101410865784
11	7	1437	1	0.1689038723707199	-19.0	-18.961870237595985	277.12383484840393
11	8	1302	1	0.9053528308868408	-21.0	-18.982251535220026	279.165568113327
11	9	1493	0	0.6541059613227844	-19.0	-18.982429019867826	281.4542727470398
12	0	2225	1	0.3931993842124939	-12.0	-18.912604729669148	288.63962388038635
12	1	1366	0	0.46481555700302124	-21.0	-18.933478682372456	290.7606339454651
12	2	1858	0	0.7979616522789001	-14.0	-18.884143895548732	293.68187499046326
12	3	1636	1	0.4282641112804413	-15.0	-18.84530245659324	296.2626299858093
12	4	1433	0	0.8663446307182312	-19.0	-18.84684943202731	298.51263904571533
12	5	1737	0	0.36126360297203064	-14.0	-18.798380937707037	301.227166891098
12	6	1575	0	0.7167980074882507	-15.0	-18.760397128329966	303.7011568546295
12	7	2286	0	0.7053619623184204	-7.0	-18.64279315704667	307.26351499557495
12	8	1560	0	0.6525027751922607	-19.0	-18.646365225476202	309.68286180496216
12	9	2826	1	0.9555692672729492	1.0	-18.44990157322144	314.1246407032013
13	0	2177	1	0.48658210039138794	-10.0	-18.365402557489226	321.28927087783813
13	1	2208	1	0.7509564161300659	-11.0	-18.291748531914333	324.776921749115
13	2	1686	1	0.2903269827365875	-17.0	-18.27883104659519	327.3836350440979
13	3	2681	0	0.6476361155509949	-6.0	-18.156042736129237	331.59089374542236
13	4	1677	1	0.544134259223938	-19.0	-18.164482308767944	334.24145793914795
13	5	2163	0	0.8583588600158691	-12.0	-18.102837485680265	337.6510968208313
13	6	2851	1	0.9830597639083862	-3.0	-17.951809110823465	342.21914505958557
13	7	1435	1	0.36732807755470276	-19.0	-17.96229101971523	344.46272897720337
13	8	1954	0	0.6810190677642822	-13.0	-17.912668109518076	347.51903891563416
13	9	1779	0	0.9714003205299377	-11.0	-17.843541428422895	350.3025360107422
14	0	2215	0	0.7364581823348999	-14.0	-17.805106014138666	357.60132789611816
14	1	1951	0	0.5543909668922424	-13.0	-17.75705495399728	360.70552492141724
14	2	1938	1	0.9571806788444519	-15.0	-17.729484404457306	363.78445386886597
14	3	2066	1	0.5210440158843994	-15.0	-17.70218956041273	367.0422480106354
14	4	1445	0	0.9338169097900391	-17.0	-17.695167664808604	369.3367078304291
14	5	2150	1	0.42175713181495667	-9.0	-17.608215988160516	372.77274084091187
14	6	1808	0	0.3839270770549774	-17.0	-17.602133828278912	375.60880494117737
14	7	1484	1	0.6133695840835571	-16.0	-17.586112489996122	377.96631503105164
14	8	1737	1	0.9675937294960022	-19.0	-17.600251365096163	380.7015047073364
14	9	1925	0	0.7918651103973389	-12.0	-17.544248851445204	383.75880575180054
15	0	2106	0	0.3808479309082031	-12.0	-17.488806362930752	390.91250371932983
15	1	1953	1	0.35445526242256165	-13.0	-17.443918299301444	394.0003867149353
15	2	2277	0	0.7938021421432495	-9.0	-17.359479116308428	397.57973980903625
15	3	1666	1	0.7615144848823547	-16.0	-17.345884325145345	400.2082839012146
15	4	2276	1	0.8566557765007019	-9.0	-17.262425481893892	403.74674105644226
15	5	2190	0	0.7127771377563477	-15.0	-17.239801227074953	407.20639991760254
15	6	1536	0	0.6920123100280762	-18.0	-17.2474032148042	409.6558721065521
15	7	1313	0	0.3563278317451477	-19.0	-17.26492918265616	411.74993991851807
15	8	1998	1	0.9484283924102783	-10.0	-17.1922798908296	414.94908595085144
15	9	1856	0	0.48047325015068054	-14.0	-17.160357091921306	417.9141089916229
16	0	2123	1	0.4328482449054718	-13.0	-17.11875352100209	425.02563095092773
16	1	2288	1	0.4346000552177429	-7.0	-17.01756598579207	428.59001302719116
16	2	2055	1	0.6491186022758484	-12.0	-16.96739032593415	431.80056500434875
16	3	2765	0	0.8799768090248108	-7.0	-16.86771642267481	436.07393288612366
16	4	1863	0	0.7650915384292603	-12.0	-16.819039258448065	439.0423529148102
16	5	2071	1	0.4382878541946411	-15.0	-16.800848865863582	442.2876479625702
16	6	2072	1	0.49525323510169983	-13.0	-16.762840377204945	445.6119430065155
16	7	1836	0	0.5673983693122864	-13.0	-16.725211973432895	448.47158789634705
16	8	1674	0	0.9022518396377563	-19.0	-16.747959853698568	451.10465693473816
16	9	1765	0	0.677122950553894	-15.0	-16.73048025516158	453.8897747993469
17	0	1683	0	0.7913075089454651	-19.0	-16.753175452609966	460.3907630443573
17	1	1778	1	0.7046856880187988	-18.0	-16.765643698083867	463.1757457256317
17	2	2571	0	0.8992128968238831	-9.0	-16.68798726110303	467.2579538822174
17	3	1633	1	0.6750844717025757	-17.0	-16.691107388492	469.8713128566742
17	4	2492	1	0.9570250511169434	-13.0	-16.65419631460708	473.8056089878082
17	5	1591	0	0.3264005780220032	-18.0	-16.66765435146101	476.32573795318604
17	6	1625	1	0.2887823283672333	-19.0	-16.6909778079464	478.9016547203064
17	7	2075	0	0.4782285690307617	-8.0	-16.604068029866934	482.166455745697
17	8	2120	1	0.29506880044937134	-10.0	-16.538027349568267	485.5203950405121
17	9	1752	0	0.4441397190093994	-15.0	-16.522647076072584	488.29832196235657
18	0	1687	1	0.685660183429718	-17.0	-16.52742060531186	494.6930477619171
18	1	1780	0	0.6427789926528931	-11.0	-16.47214639925874	497.5145170688629
18	2	2368	0	0.8704438209533691	-8.0	-16.38742493526615	501.2504599094391
18	3	1302	0	0.46285280585289	-21.0	-16.433550685913488	503.3458960056305
18	4	1861	1	0.8804258704185486	-19.0	-16.459215179054354	506.2745769023895
18	5	2262	1	0.5614179968833923	-11.0	-16.40462302726381	509.8843147754669
18	6	1833	0	0.866858959197998	-13.0	-16.37057679699117	512.8223297595978
18	7	2216	1	0.16616646945476532	-9.0	-16.296871029021258	516.3698036670685
18	8	1887	0	0.7879288196563721	-15.0	-16.283902318731045	519.3796129226685
18	9	1940	0	0.6929706335067749	-10.0	-16.221063295543736	522.4766809940338
19	0	1995	1	0.39583107829093933	-17.0	-16.2288526625883	529.6775660514832
19	1	2659	1	0.7062472105026245	-5.0	-16.116564135962417	533.8521957397461
19	2	2909	0	0.4757959544658661	-3.0	-15.985398494602792	538.4997367858887
19	3	1996	0	0.9168499112129211	-12.0	-15.945544509656763	541.636223077774
19	4	2689	0	0.8405309319496155	-4.0	-15.826089064560195	545.8768668174744
19	5	1830	1	0.63726407289505	-13.0	-15.797828173914594	548.753406047821
19	6	2117	0	0.5511530041694641	-10.0	-15.739849892175448	552.0408546924591
19	7	1958	0	0.8245217800140381	-11.0	-15.692451393253693	555.1151797771454
19	8	2150	1	0.5546368360519409	-9.0	-15.625526879321155	558.4720249176025
19	9	2407	0	0.7308019995689392	-7.0	-15.539271610527944	562.2772598266602
20	0	2536	0	0.9955568909645081	-5.0	-15.433878894422666	570.1751918792725
20	1	2421	1	0.07611078023910522	-5.0	-15.32954010547844	573.9455749988556
20	2	2499	0	0.6079209446907043	-6.0	-15.236244704423656	577.830956697464
20	3	2212	1	0.15351815521717072	-9.0	-15.17388225737942	581.2894148826599
20	4	2495	0	0.9988295435905457	-8.0	-15.102143434805626	585.2088868618011
20	5	2497	1	0.16957928240299225	-6.0	-15.01112200045757	589.15722489357
20	6	2012	0	0.7171578407287598	-13.0	-14.991010780452996	592.3085489273071
20	7	2591	1	0.2951784133911133	-7.0	-14.911100672648466	596.3785617351532
20	8	2880	0	0.8518949747085571	-2.0	-14.78198966592198	600.9930229187012
20	9	2772	1	0.2224997580051422	-5.0	-14.68416976926276	605.356213092804
21	0	3211	0	0.9191136956214905	-3.0	-14.567328071570133	614.1773188114166
21	1	2501	0	0.9682562351226807	-6.0	-14.481654790854432	618.0758337974548
21	2	2789	0	0.8518621921539307	-3.0	-14.366838242945887	622.5075109004974
21	3	2431	1	0.20588305592536926	-8.0	-14.303169860516428	626.3545339107513
21	4	2439	1	0.3159675598144531	-11.0	-14.270138161911264	630.1899809837341
21	5	2450	1	0.31213802099227905	-9.0	-14.217436780292152	634.0624647140503
21	6	2639	0	0.7446327209472656	-4.0	-14.11526241248923	638.2364230155945
21	7	2698	1	0.658657968044281	-4.0	-14.014109788364337	642.6306879520416
21	8	2484	0	0.8894959688186646	-8.0	-13.953968690480693	646.5331699848175
21	9	1985	0	0.6580712795257568	-12.0	-13.934429003575884	649.7061698436737
22	0	2351	0	0.8561371564865112	-7.0	-13.865084713540126	657.2851347923279
22	1	2599	1	0.6898171901702881	-5.0	-13.776433866404725	661.446210861206
22	2	2534	0	0.4030810296535492	-7.0	-13.708669527740678	665.4177689552307
22	3	2469	0	0.7500630617141724	-7.0	-13.641582832463271	669.2959408760071
22	4	1810	1	0.3953724205493927	-17.0	-13.675167004138638	672.1933288574219
22	5	2118	0	0.5371879935264587	-10.0	-13.638415334097251	675.4927277565002
22	6	2685	0	0.8545371294021606	-11.0	-13.612031180756277	679.7284998893738
22	7	2276	1	0.053114429116249084	-9.0	-13.565910868948714	683.4019169807434
22	8	2403	1	0.5452244281768799	-7.0	-13.500251760259227	687.2053189277649
22	9	2317	1	0.3030954897403717	-6.0	-13.425249242656635	690.8431239128113
23	0	1926	1	0.34141501784324646	-12.0	-13.410996750230067	697.7505717277527
23	1	2596	0	0.688622236251831	-5.0	-13.326886782727767	701.7861659526825
23	2	2182	0	0.3771751821041107	-15.0	-13.34361791490049	705.2028818130493
23	3	1840	1	0.7291786670684814	-16.0	-13.370181735751485	708.1067638397217
23	4	2094	0	0.8923203349113464	-9.0	-13.32647991839397	711.370368719101
23	5	2773	0	0.6484286189079285	-7.0	-13.263215119210031	715.7852799892426
23	6	2433	0	0.8258944153785706	-6.0	-13.190582968017932	719.6181569099426
23	7	2530	0	0.14109598100185394	-7.0	-13.128677138337752	723.5696520805359
23	8	2626	0	0.7325220108032227	-6.0	-13.057390366954374	727.7759120464325
23	9	2000	0	0.9103471636772156	-15.0	-13.07681646328483	730.9397909641266
24	0	2580	1	0.42805251479148865	-9.0	-13.036048298651982	738.68244099617
24	1	2353	1	0.3263178765773773	-12.0	-13.025687815665462	742.3518149852753
24	2	3156	0	0.6853124499320984	-1.0	-12.905430937508807	747.3171300888062
24	3	2418	0	0.9225158095359802	-10.0	-12.87637662813372	751.1223828792572
24	4	3002	1	0.9887735843658447	1.0	-12.737612861852382	755.8287627696991
24	5	2375	0	0.8493208885192871	-8.0	-12.690236733233858	759.6371259689331
24	6	2720	0	0.9594317078590393	-5.0	-12.61333436590152	763.9493608474731
24	7	2731	1	0.9895728230476379	2.0	-12.467201022242506	768.319591999054
24	8	2317	0	0.6993817090988159	-8.0	-12.42252901202008	771.9811480045319
24	9	3085	0	0.9997351765632629	-5.0	-12.34830372189988	776.8670408725739
25	0	2326	0	0.8394580483436584	-11.0	-12.33482068468088	784.3619637489319
25	1	2220	0	0.9161794781684875	-14.0	-12.351472477834072	787.7887418270111
25	2	2680	0	0.9114862084388733	-6.0	-12.287957753055732	791.9763898849487
25	3	2929	0	0.7502046227455139	-6.0	-12.225078175525175	796.5228259563446
25	4	2456	0	0.12486518174409866	-9.0	-12.192827393769923	800.3648037910461
25	5	2647	1	0.8227919936180115	-7.0	-12.140899119832223	804.4868597984314
25	6	1907	1	0.7706725001335144	-16.0	-12.179490128633901	807.4932208061218
25	7	2466	1	0.5129027366638184	-7.0	-12.127695227347562	811.3221387863159
25	8	3013	0	0.2331666499376297	-5.0	-12.056418275074087	816.0090477466583
25	9	2741	0	0.8512011766433716	-6.0	-11.995854092323347	820.2300078868866
26	0	2507	0	0.776353120803833	-11.0	-11.985895551400112	828.0176410675049
26	1	2640	1	0.5651165843009949	-4.0	-11.90603659588611	832.1425058841705
26	2	2552	0	0.7755014300346375	-8.0	-11.86697622992725	836.1977050304413
26	3	2487	0	0.5835803747177124	-8.0	-11.828306467627977	840.0443930625916
26	4	2584	1	0.6397126317024231	-7.0	-11.780023402951697	844.0443317890167
26	5	2466	0	0.4393572509288788	-12.0	-11.78222316892218	847.9307708740234
26	6	1994	1	0.5008819103240967	-10.0	-11.764400937232958	851.017333984375
26	7	1947	1	0.7590377330780029	-15.0	-11.79675692786063	854.0022559165955
26	8	2279	0	0.3576047718524933	-9.0	-11.768789358582023	857.5216917991638
26	9	2699	0	0.8638435006141663	-9.0	-11.741101464996202	861.6906008720398
27	0	2630	1	0.5134912729263306	-9.0	-11.71369045034624	869.7425968647003
27	1	2474	0	0.38362056016921997	-12.0	-11.716553545842777	873.6775548458099
27	2	2232	1	0.9618610143661499	-12.0	-11.719388010384348	877.1489360332489
27	3	2408	1	0.9753201007843018	-7.0	-11.672194130280504	880.8652827739716
27	4	2564	0	0.8724421262741089	-11.0	-11.665472188977699	884.8056628704071
27	5	2176	0	0.45834386348724365	-10.0	-11.648817467087921	888.2432179450989
27	6	2460	0	0.892933189868927	-9.0	-11.622329292417042	892.0725607872009
27	7	2785	0	0.7693129181861877	-5.0	-11.556105999492873	896.4131667613983
27	8	2818	1	0.7599408030509949	-4.0	-11.480544939497943	900.7734417915344
27	9	2748	0	0.45789170265197754	-6.0	-11.425739490102963	905.023129940033
28	0	2833	1	0.2895723879337311	-7.0	-11.381482095201934	913.4424047470093
28	1	2669	1	0.6388715505599976	-8.0	-11.347667274249915	917.5587029457092
28	2	2723	1	0.7961861491203308	-10.0	-11.334190601507416	921.840106010437
28	3	2290	0	0.6560677289962769	-12.0	-11.34084869549234	925.4466509819031
28	4	2926	0	0.277631551027298	-6.0	-11.287440208537417	930.1237950325012
28	5	2107	1	0.43155789375305176	-12.0	-11.294565806452042	933.4222059249878
28	6	2770	0	0.8754090666770935	-7.0	-11.251620148387522	937.7323269844055
28	7	3082	0	0.09128216654062271	-5.0	-11.189103946903646	942.592206954956
28	8	2868	0	0.8738078474998474	-6.0	-11.137212907434611	947.0280959606171
28	9	2087	1	0.7259674072265625	-16.0	-11.185840778360264	950.3106439113617
29	0	3030	0	0.9958776235580444	2.0	-11.053982370576662	958.9571769237518
29	1	2202	1	0.7190417051315308	-11.0	-11.053442546870896	962.4098467826843
29	2	2741	1	0.3959612250328064	-8.0	-11.022908121402187	966.6558799743652
29	3	2343	1	0.7231371402740479	-9.0	-11.002679040188164	970.3443629741669
29	4	2778	1	0.9371212124824524	-5.0	-10.942652249786283	974.7156617641449
29	5	2727	1	0.9225782155990601	-3.0	-10.86322572728842	978.9868857860565
29	6	2425	1	0.6716599464416504	-8.0	-10.834593470015536	982.7831659317017
29	7	3078	0	0.9779982566833496	1.0	-10.71624753531538	987.6511418819427
29	8	2513	1	0.8188145756721497	-9.0	-10.699085059962227	991.6861038208008
29	9	1974	0	0.39367982745170593	-14.0	-10.732094209362605	994.8014478683472
30	0	2260	0	0.5879627466201782	-11.0	-10.734773267268979	1002.4242129325867
30	1	2577	1	0.9119834303855896	-9.0	-10.71742553459629	1006.4898388385773
30	2	2925	1	0.21557916700839996	-6.0	-10.670251279250326	1011.1556479930878
30	3	2205	0	0.877413809299469	-11.0	-10.673548766457822	1014.6590988636017
30	4	2219	1	0.8915677070617676	-14.0	-10.706813278793245	1018.2440178394318
30	5	2459	1	0.7652673125267029	-9.0	-10.689745146005313	1022.1589939594269
30	6	2375	0	0.8142907023429871	-8.0	-10.66284769454526	1025.8997819423676
30	7	2839	1	0.949783205986023	-5.0	-10.606219217599808	1029.769419670105
30	8	2707	0	0.7952979803085327	-7.0	-10.57015702542381	1033.460236787796
30	9	2053	1	0.37321653962135315	-17.0	-10.634455455169572	1036.248174905777
31	0	3460	1	0.7649233341217041	-3.0	-10.558110900617876	1044.7265927791595
31	1	2990	1	0.8701269030570984	-6.0	-10.512529791611698	1048.8140218257904
31	2	2692	0	0.9866812229156494	-9.0	-10.49740449369558	1052.4855089187622
31	3	2623	0	0.9258924722671509	-6.0	-10.452430448758625	1056.1184849739075
31	4	2867	1	0.30053696036338806	-6.0	-10.407906144271038	1060.148470878601
31	5	2508	1	0.9728485941886902	-11.0	-10.413827082828327	1063.8217947483063
31	6	2329	0	0.9999688863754272	-11.0	-10.419688812000043	1067.2439949512482
31	7	2447	1	0.13645222783088684	-11.0	-10.425491923880042	1070.9687209129333
31	8	2650	0	0.7461870312690735	-7.0	-10.391237004641242	1075.006922006607
31	9	2858	1	0.9094201922416687	-8.0	-10.36732463459483	1079.1283848285675
32	0	2732	0	0.8457391262054443	-8.0	-10.343651388248881	1086.9369988441467
32	1	2689	1	0.9809937477111816	-9.0	-10.330214874366392	1091.2064728736877
32	2	2594	0	0.6288045644760132	-7.0	-10.296912725622729	1095.37717294693
32	3	2152	1	0.7247921824455261	-14.0	-10.333943598366503	1098.7963206768036
32	4	2449	0	0.9921717643737793	-11.0	-10.340604162382837	1102.6464049816132
32	5	2915	0	0.3951709270477295	-8.0	-10.31719812075901	1107.262878894806
32	6	2704	1	0.33430027961730957	-9.0	-10.30402613955142	1111.515520811081
32	7	2421	1	0.7658552527427673	-10.0	-10.300985878155904	1115.3273389339447
32	8	2762	1	0.7300646901130676	-7.0	-10.267976019374345	1119.638496875763
32	9	2535	0	0.5222539901733398	-12.0	-10.285296259180601	1123.6117978096008
33	0	2531	0	0.6939137578010559	-7.0	-10.252443296588796	1131.4970779418945
33	1	3344	0	0.6110571026802063	-1.0	-10.159918863622908	1136.816615819931
33	2	2897	1	0.9839488863945007	-5.0	-10.10831967498668	1141.3816459178925
33	3	2920	1	0.690432608127594	-6.0	-10.067236478236813	1145.930377960205
33	4	2662	0	0.6328709721565247	-10.0	-10.066564113454444	1150.1756749153137
33	5	2158	0	0.6252304911613464	-14.0	-10.1058984723199	1153.5738880634308
33	6	2826	1	0.9904087781906128	-7.0	-10.074839487596702	1158.008521080017
33	7	3010	1	0.6565485596656799	-7.0	-10.044091092720734	1162.8030648231506
33	8	2278	0	0.30449178814888	-9.0	-10.033650181793526	1166.432168006897
33	9	3018	0	0.9045907855033875	-5.0	-9.983313679975591	1171.234040737152
34	0	2436	0	0.6342094540596008	-11.0	-9.993480543175835	1178.871708869934
34	1	2885	1	0.42006126046180725	-7.0	-9.963545737744077	1183.3775608539581
34	2	2872	0	0.9549237489700317	-4.0	-9.903910280366636	1187.874538898468
34	3	3342	1	0.9191734194755554	-1.0	-9.814871177562969	1193.199518918991
34	4	3444	0	0.9700830578804016	-5.0	-9.766722465787339	1198.580960035324
34	5	2935	1	0.7837744951248169	-9.0	-9.759055241129465	1203.2032520771027
34	6	2833	0	0.8730212450027466	-5.0	-9.711464688718172	1207.6204607486725
34	7	3488	1	0.9471131563186646	-4.0	-9.65435004183099	1213.067519903183
34	8	2573	0	0.7025671005249023	-9.0	-9.64780654141268	1217.0985658168793
34	9	2491	0	0.6978683471679688	-8.0	-9.631328475998552	1220.9618036746979
35	0	2626	1	0.8910918831825256	-11.0	-9.645015191238567	1228.9739737510681
35	1	2665	1	0.631291925907135	-10.0	-9.648565039326181	1233.1977407932281
35	2	2576	0	0.15965938568115234	-9.0	-9.642079388932919	1237.2275767326355
35	3	2678	0	0.8744956851005554	-6.0	-9.60565859504359	1241.4833579063416
35	4	3026	0	0.9977265000343323	4.0	-9.469602009093155	1246.193039894104
35	5	3121	1	0.9375563263893127	-4.0	-9.414905989002222	1251.1167960166931
35	6	3061	1	0.23113109171390533	-2.0	-9.3407569291122	1255.9842929840088
35	7	2550	0	0.9788379669189453	-8.0	-9.327349359821078	1259.9921798706055
35	8	3390	1	0.9805008172988892	-3.0	-9.264075866222866	1265.3206300735474
35	9	2322	1	0.6884267926216125	-11.0	-9.281435107560636	1269.021803855896
36	0	3233	1	0.9870311617851257	-4.0	-9.228620756485029	1277.9407560825348
36	1	2750	1	0.6029693484306335	-6.0	-9.196334548920179	1282.1992180347443
36	2	3344	0	0.9447698593139648	-1.0	-9.114371203430977	1287.4145197868347
36	3	2657	0	0.40037834644317627	-5.0	-9.073227491396668	1291.6241927146912
36	4	3184	0	0.9998167157173157	-2.0	-9.002495216482702	1296.6009678840637
36	5	2780	0	0.32352685928344727	-5.0	-8.962470264317876	1300.9497878551483
36	6	2753	1	0.6648347973823547	-9.0	-8.962845561674698	1305.1802809238434
36	7	3405	0	0.7661547064781189	-6.0	-8.93321710605795	1310.5045597553253
36	8	2705	1	0.5035587549209595	-7.0	-8.913884934997371	1314.7957248687744
36	9	3158	0	0.9999513626098633	-1.0	-8.834746085647398	1319.780426979065
37	0	2737	1	0.7957473397254944	-11.0	-8.856398624790923	1327.98286485672
37	1	3303	1	0.9954197406768799	1.0	-8.757834638543015	1333.2363848686218
37	2	3060	0	0.34138455986976624	-4.0	-8.710256292157585	1337.944995880127
37	3	2725	1	0.6192204356193542	-10.0	-8.723153729236008	1342.161293745041
37	4	2684	1	0.5141026973724365	-11.0	-8.745922191943647	1346.4376828670502
37	5	3190	0	0.9944071769714355	1.0	-8.64846297002421	1351.4071807861328
37	6	3421	1	0.6574622988700867	-2.0	-8.581978340323968	1356.8518087863922
37	7	3156	1	0.9184898138046265	-3.0	-8.526158556920727	1361.846109867096
37	8	2762	0	0.6751273274421692	-9.0	-8.53089697135152	1366.2259867191315
37	9	2877	0	0.9984062314033508	5.0	-8.395588001638004	1370.7516009807587
38	0	2348	0	0.19463564455509186	-12.0	-8.431632121621623	1378.359825849533
38	1	2892	0	0.9998496770858765	-5.0	-8.397315800405408	1382.8264319896698
38	2	3280	1	0.97405606508255	-1.0	-8.323342642401354	1387.9865489006042
38	3	3041	1	0.23324473202228546	-6.0	-8.30010921597734	1392.811371088028
38	4	2863	0	0.7278871536254883	-6.0	-8.277108123817566	1397.2983629703522
38	5	2834	1	0.9962182641029358	-12.0	-8.314337042579389	1401.7610189914703
38	6	3070	1	0.9521436095237732	-7.0	-8.301193672153595	1406.6584877967834
38	7	2417	1	0.27885544300079346	-12.0	-8.338181735432057	1410.4369308948517
38	8	2829	0	0.24850572645664215	-7.0	-8.324799918077737	1414.834038734436
38	9	2764	0	0.2405969649553299	-7.0	-8.31155191889696	1419.1560337543488
39	0	2245	1	0.7497748136520386	-8.0	-8.30843639970799	1426.5706279277802
39	1	2981	1	0.9194695949554443	-6.0	-8.28535203571091	1431.2664399147034
39	2	2530	1	0.8590571284294128	-12.0	-8.3224985153538	1435.2682659626007
39	3	2422	1	0.8857447504997253	-10.0	-8.339273530200261	1439.085061788559
39	4	3264	0	0.7709659934043884	-3.0	-8.285880794898258	1444.209282875061
39	5	3022	0	0.11126376688480377	-3.0	-8.233021986949275	1448.9193108081818
39	6	3360	0	0.7629891633987427	-2.0	-8.170691767079783	1454.1986339092255
39	7	2504	1	0.9353237152099609	-11.0	-8.198984849408983	1458.1594438552856
39	8	2690	1	0.9991589784622192	-9.0	-8.206995000914894	1462.4441239833832
39	9	1776	1	0.29727649688720703	-18.0	-8.304925050905744	1465.2928719520569
40	0	3358	0	0.9144397974014282	-4.0	-8.261875800396686	1474.3923208713531
40	1	2970	0	0.49475058913230896	-8.0	-8.259257042392719	1479.0714781284332
40	2	2642	0	0.9180853366851807	-14.0	-8.316664471968792	1483.2337138652802
40	3	3284	0	0.787143886089325	-6.0	-8.293497827249105	1488.4075138568878
40	4	2982	1	0.652557373046875	-6.0	-8.270562848976615	1493.0913207530975
40	5	3177	1	0.6979734897613525	-4.0	-8.227857220486849	1498.0824859142303
40	6	2532	1	0.7271198034286499	-12.0	-8.265578648281979	1502.0371778011322
40	7	3199	0	0.249430313706398	-5.0	-8.23292286179916	1507.0440509319305
40	8	3386	1	0.845294177532196	-3.0	-8.180593633181168	1512.303555727005
40	9	2883	1	0.48400238156318665	-7.0	-8.168787696849357	1516.8002650737762
41	0	2610	1	0.8575280904769897	-8.0	-8.167099819880864	1524.8557109832764
41	1	3585	1	0.9992445707321167	2.0	-8.065428821682056	1530.5087769031525
41	2	3280	1	0.554720401763916	-1.0	-7.994774533465235	1535.6606757640839
41	3	2569	0	0.20218868553638458	-11.0	-8.024826788130582	1539.8067178726196
41	4	3201	1	0.4648935794830322	-5.0	-7.994578520249276	1544.861835718155
41	5	3267	0	0.8293085098266602	-5.0	-7.964632735046783	1550.0421929359436
41	6	3270	1	0.5724133849143982	-3.0	-7.914986407696316	1555.2394878864288
41	7	3083	0	0.9999463558197021	4.0	-7.795836543619353	1559.9970788955688
41	8	2887	1	0.9403776526451111	-12.0	-7.837878178183159	1564.5671789646149
41	9	3438	0	0.9975337982177734	1.0	-7.749499396401327	1570.0334978103638
42	0	2953	1	0.9909167885780334	-7.0	-7.742004402437314	1578.5298688411713
42	1	3284	1	0.9687296748161316	-1.0	-7.6745843584129405	1583.6979200839996
42	2	2540	1	0.9786206483840942	-10.0	-7.697838514828811	1587.6749198436737
42	3	3497	1	0.9862502813339233	-5.0	-7.6708601296805226	1593.2798280715942
42	4	3241	0	0.9991408586502075	3.0	-7.564151528383717	1598.3736629486084
42	5	3072	1	0.9180616140365601	-7.0	-7.55851001309988	1603.2791378498077
42	6	3477	1	0.9994292855262756	3.0	-7.452924912968881	1608.6894028186798
42	7	2549	1	0.3644852340221405	-8.0	-7.458395663839193	1612.7337398529053
42	8	3270	1	0.9860185384750366	-3.0	-7.413811707200801	1617.927794933319
42	9	2800	0	0.9444392919540405	-6.0	-7.399673590128793	1622.3927748203278
43	0	3944	0	0.5014270544052124	-1.0	-7.335676854227505	1632.4575219154358
43	1	3505	1	0.1564333289861679	-5.0	-7.31232008568523	1637.9351348876953
43	2	3030	0	0.9523311257362366	2.0	-7.219196884828378	1642.7463178634644
43	3	3197	1	0.9988754391670227	6.0	-7.087004915980095	1647.8097748756409
43	4	3431	1	0.9833400249481201	-7.0	-7.086134866820294	1653.2685430049896
43	5	3243	1	0.9121538400650024	-2.0	-7.035273518152091	1658.3191509246826
43	6	3465	0	0.7947832942008972	-1.0	-6.97492078297057	1663.7916219234467
43	7	2954	1	0.974288821220398	-5.0	-6.955171575140864	1668.3796739578247
43	8	2969	0	0.23896071314811707	-8.0	-6.965619859389455	1673.0669567584991
43	9	3363	1	0.5808088779449463	-2.0	-6.91596366079556	1678.3307180404663
44	0	2885	1	0.9900387525558472	-7.0	-6.916804024187605	1686.754420042038
44	1	3725	1	0.6757470965385437	-4.0	-6.887635983945729	1692.5535209178925
44	2	3506	1	0.9906399250030518	-3.0	-6.848759624106272	1698.1270599365234
44	3	2612	1	0.915732204914093	-8.0	-6.860272027865209	1702.2544808387756
44	4	3430	1	0.9994644522666931	1.0	-6.781669307586557	1707.5767266750336
44	5	2645	1	0.9873290061950684	-7.0	-6.783852614510692	1711.647650718689
44	6	3240	0	0.46453821659088135	-2.0	-6.736014088365584	1716.5939557552338
44	7	3425	1	0.9994933605194092	1.0	-6.658653947481929	1721.9813199043274
44	8	3064	1	0.7518060803413391	-2.0	-6.612067408007109	1726.7972049713135
44	9	2850	1	0.9985710382461548	2.0	-6.525946733927038	1731.278244972229
45	0	2800	1	0.9757727384567261	-6.0	-6.520687266587767	1739.5661330223083
45	1	3132	0	0.9395809769630432	6.0	-6.395480393921889	1744.5334401130676
45	2	2346	1	0.6830133199691772	-12.0	-6.45152558998267	1748.236564874649
45	3	3595	0	0.5133633017539978	-4.0	-6.427010334082843	1753.8089928627014
45	4	2695	1	0.4222402572631836	-9.0	-6.452740230742014	1758.0028150081635
45	5	3631	1	0.9834548234939575	-3.0	-6.418212828434594	1763.6896889209747
45	6	2456	1	0.08101312816143036	-9.0	-6.444030700150248	1767.6106870174408
45	7	3138	1	0.9579873085021973	-5.0	-6.429590393148745	1772.565408706665
45	8	3280	0	0.1502537578344345	-1.0	-6.375294489217257	1777.7563300132751
45	9	3072	1	0.9994791150093079	6.0	-6.251541544325085	1782.5846028327942
46	0	3513	1	0.9993929862976074	2.0	-6.169026128881835	1792.0268340110779
46	1	3454	0	0.9974384307861328	2.0	-6.0873358675930165	1797.4771609306335
46	2	3112	0	0.998261034488678	5.0	-5.976462508917087	1802.3429000377655
46	3	3423	1	0.9334702491760254	-2.0	-5.936697883827915	1807.6272699832916
46	4	3518	1	0.8724814653396606	-3.0	-5.907330904989636	1813.158931016922
46	5	3269	0	0.540680468082428	-3.0	-5.87825759593974	1818.3076570034027
46	6	3361	1	0.9990993738174438	3.0	-5.789475019980342	1823.5541577339172
46	7	2956	1	0.9993739724159241	4.0	-5.691580269780538	1828.1716039180756
46	8	2761	1	0.9743081331253052	-9.0	-5.724664467082733	1832.5087168216705
46	9	2966	0	0.9645176529884338	-3.0	-5.697417822411906	1837.098953962326
47	0	2719	1	0.9993112087249756	6.0	-5.580443644187787	1845.4108488559723
47	1	3335	1	0.9993112087249756	2.0	-5.50463920774591	1850.6853728294373
47	2	3450	0	0.999935507774353	4.0	-5.409592815668451	1856.1399228572845
47	3	3035	1	0.6405091881752014	-6.0	-5.415496887511766	1861.0090699195862
47	4	3247	1	0.9837843179702759	-2.0	-5.3813419186366485	1866.152100801468
47	5	3240	1	0.9992550015449524	3.0	-5.297528499450282	1871.2599167823792
47	6	3578	1	0.7287659049034119	-3.0	-5.274553214455779	1876.9225778579712
47	7	3521	1	0.9984473586082458	2.0	-5.201807682311222	1882.5448608398438
47	8	3370	1	0.9992874264717102	1.0	-5.13978960548811	1887.967092037201
47	9	3543	0	0.9993839263916016	1.0	-5.0783917094332285	1893.6392159461975
48	0	3542	1	0.9992935657501221	3.0	-4.997607792338896	1903.112236738205
48	1	3159	0	0.45878520607948303	-1.0	-4.957631714415507	1908.0710628032684
48	2	3168	0	0.9856178164482117	5.0	-4.858055397271352	1913.0734429359436
48	3	3069	0	0.7312921285629272	-7.0	-4.879474843298639	1917.9183058738708
48	4	2488	0	0.09676600247621536	-8.0	-4.910680094865652	1921.8258509635925
48	5	3470	1	0.41013795137405396	-6.0	-4.921573293916995	1927.3179290294647
48	6	3075	1	0.9489008188247681	-5.0	-4.922357560977825	1932.2081789970398
48	7	3303	1	0.9992671608924866	3.0	-4.843133985368047	1937.4982688426971
48	8	2988	1	0.9992671608924866	3.0	-4.764702645514366	1942.2308537960052
48	9	3015	1	0.9042612910270691	-5.0	-4.767055619059223	1947.074616909027
49	0	2908	0	0.4181056618690491	-3.0	-4.7493850628686305	1955.6460440158844
49	1	3288	1	0.9991298317909241	5.0	-4.651891212239945	1960.8336908817291
49	2	3399	0	0.4823799431324005	-1.0	-4.615372300117545	1966.1655719280243
49	3	3459	0	0.9860514402389526	2.0	-4.54921857711637	1971.5659427642822
49	4	3145	1	0.9971730709075928	4.0	-4.463726391345205	1976.5624878406525
49	5	3273	1	0.9993334412574768	2.0	-4.399089127431754	1981.685870885849
49	6	3248	1	0.9972589015960693	-7.0	-4.425098236157437	1986.803832769394
49	7	3265	0	0.7024732828140259	-3.0	-4.410847253795863	1991.9732360839844
49	8	3236	1	0.9993276596069336	3.0	-4.336738781257904	1997.108510017395
49	9	3541	1	0.9700362682342529	-2.0	-4.313371393445324	2002.6859290599823
