0	0	973	1	0.8532425165176392	-20.0	-20.0	1.6196107864379883
0	1	878	1	0.7560356855392456	-21.0	-20.01	2.97221302986145
0	2	818	0	0.24634264409542084	-21.0	-20.019900000000003	4.242262125015259
0	3	822	1	0.7612094879150391	-21.0	-20.029701000000003	5.504693031311035
0	4	818	1	0.7560356855392456	-21.0	-20.039403990000004	6.76225209236145
0	5	820	0	0.20492395758628845	-21.0	-20.049009950100004	8.04424500465393
0	6	819	1	0.753657341003418	-21.0	-20.058519850599005	9.321913003921509
0	7	822	1	0.7790650129318237	-21.0	-20.067934652093015	10.58817195892334
0	8	817	1	0.6040224432945251	-21.0	-20.077255305572084	11.862136125564575
0	9	820	1	0.7950760126113892	-21.0	-20.086482752516364	13.128759145736694
1	0	820	0	0.29044875502586365	-21.0	-20.095617924991203	18.021751165390015
1	1	820	1	0.6670292019844055	-21.0	-20.104661745741293	19.28944683074951
1	2	911	0	0.23819026350975037	-20.0	-20.103615128283877	20.733381032943726
1	3	822	0	0.3446963429450989	-21.0	-20.11257897700104	22.0106360912323
1	4	820	1	0.8815038204193115	-21.0	-20.12145318723103	23.27426791191101
1	5	814	1	0.7813559770584106	-21.0	-20.13023865535872	24.53303289413452
1	6	819	1	0.6404821276664734	-21.0	-20.138936268805136	25.79931902885437
1	7	820	0	0.23069743812084198	-21.0	-20.147546906117086	27.057430028915405
1	8	878	0	0.2914298176765442	-21.0	-20.156071437055914	28.4110689163208
1	9	820	1	0.7259717583656311	-21.0	-20.164510722685357	29.684547185897827
2	0	820	1	0.7828634977340698	-21.0	-20.172865615458505	34.583959102630615
2	1	819	1	0.9328575730323792	-21.0	-20.18113695930392	35.86595606803894
2	2	820	0	0.38369593024253845	-21.0	-20.189325589710883	37.148863077163696
2	3	816	0	0.39198851585388184	-21.0	-20.197432333813776	38.42094802856445
2	4	879	1	0.7271027565002441	-21.0	-20.20545801047564	39.77371597290039
2	5	821	0	0.20913337171077728	-21.0	-20.21340343037088	41.0569269657135
2	6	819	1	0.9405635595321655	-21.0	-20.221269396067175	42.33806014060974
2	7	815	1	0.7621864676475525	-21.0	-20.229056702106504	43.607243061065674
2	8	818	0	0.5681106448173523	-21.0	-20.23676613508544	44.87671709060669
2	9	915	0	0.28252243995666504	-20.0	-20.234398473734583	46.290510177612305
3	0	815	1	0.8305230140686035	-21.0	-20.242054488997237	51.292824029922485
3	1	817	1	0.5632066130638123	-21.0	-20.249633944107266	52.58211612701416
3	2	817	0	0.43679341673851013	-21.0	-20.257137604666195	53.841559171676636
3	3	913	1	0.8570404052734375	-20.0	-20.25456622861953	55.255122900009155
3	4	1035	1	0.9501593112945557	-20.0	-20.252020566333336	56.8477041721344
3	5	821	1	0.5422366857528687	-21.0	-20.259500360670003	58.103599071502686
3	6	818	0	0.2182122766971588	-21.0	-20.266905357063305	59.367120027542114
3	7	915	0	0.2858662009239197	-20.0	-20.26423630349267	60.788525104522705
3	8	820	0	0.17523038387298584	-21.0	-20.271593940457745	62.05968523025513
3	9	819	0	0.4927882254123688	-21.0	-20.27887800105317	63.338578939437866
4	0	821	0	0.43745166063308716	-21.0	-20.286089221042637	68.37020492553711
4	1	819	0	0.21899418532848358	-21.0	-20.29322832883221	69.63609194755554
4	2	820	1	0.953667163848877	-21.0	-20.300296045543888	70.91479206085205
4	3	1185	1	0.8613048791885376	-21.0	-20.30729308508845	72.79625010490417
4	4	878	0	0.5089248418807983	-21.0	-20.314220154237567	74.17151522636414
4	5	916	1	0.8776467442512512	-20.0	-20.31107795269519	75.5837881565094
4	6	918	1	0.8207560777664185	-20.0	-20.307967173168237	76.99535202980042
4	7	818	1	0.7831470966339111	-21.0	-20.314887501436555	78.26720094680786
4	8	815	1	0.7944639921188354	-21.0	-20.32173862642219	79.53685879707336
4	9	820	0	0.273661732673645	-21.0	-20.32852124015797	80.83616518974304
5	0	821	1	0.6538132429122925	-21.0	-20.33523602775639	85.85813999176025
5	1	816	1	0.3796631395816803	-21.0	-20.34188366747883	87.12413597106934
5	2	878	1	0.7948236465454102	-21.0	-20.34846483080404	88.46750497817993
5	3	816	1	0.7167702913284302	-21.0	-20.354980182496	89.71847820281982
5	4	1057	1	0.5611395239830017	-21.0	-20.36143038067104	91.36206698417664
5	5	918	0	0.15911909937858582	-20.0	-20.35781607686433	92.77056908607483
5	6	822	0	0.5471929311752319	-21.0	-20.36423791609569	94.0436520576477
5	7	817	0	0.5008076429367065	-21.0	-20.370595536934733	95.31214809417725
5	8	820	1	0.6807153224945068	-21.0	-20.376889581565386	96.5835030078888
5	9	818	0	0.5471929311752319	-21.0	-20.383120685749734	97.89042615890503
6	0	818	1	0.7506846189498901	-21.0	-20.389289478892238	102.839026927948
6	1	822	1	0.6452264189720154	-21.0	-20.395396584103317	104.14601612091064
6	2	914	1	0.7764569520950317	-20.0	-20.391442618262282	105.57190799713135
6	3	816	0	0.5583033561706543	-21.0	-20.39752819207966	106.83421897888184
6	4	820	1	0.5256301164627075	-21.0	-20.40355291015886	108.09744215011597
6	5	912	1	0.6484859585762024	-20.0	-20.399517381057272	109.51802110671997
6	6	880	1	0.6375609636306763	-21.0	-20.4055222072467	110.9102189540863
6	7	819	0	0.5253260731697083	-21.0	-20.411466985174236	112.18277716636658
6	8	913	1	0.6932822465896606	-20.0	-20.407352315322495	113.60895204544067
6	9	816	1	0.5916079878807068	-21.0	-20.41327879216927	114.89003300666809
7	0	1098	1	0.4758826196193695	-20.0	-20.409146004247575	120.21226119995117
7	1	815	0	0.4410306513309479	-21.0	-20.4150545442051	121.47730302810669
7	2	818	1	0.7064155340194702	-21.0	-20.42090399876305	122.7315661907196
7	3	816	1	0.8961861729621887	-21.0	-20.426694958775418	123.98774981498718
7	4	912	0	0.31876638531684875	-20.0	-20.422428009187662	125.40126419067383
7	5	819	1	0.9146483540534973	-21.0	-20.428203729095785	126.73268723487854
7	6	878	1	0.7590261101722717	-21.0	-20.433921691804827	128.11948013305664
7	7	1918	0	0.6950574517250061	-21.0	-20.43958247488678	131.11482286453247
7	8	816	1	0.4616558849811554	-21.0	-20.445186650137913	132.3696630001068
7	9	817	1	0.5513782501220703	-21.0	-20.450734783636534	133.6356439590454
8	0	913	1	0.49262258410453796	-20.0	-20.446227435800168	138.76780486106873
8	1	818	1	0.8298267126083374	-21.0	-20.451765161442168	140.04699397087097
8	2	913	1	0.716053307056427	-20.0	-20.447247509827747	141.49485301971436
8	3	818	0	0.3737717866897583	-21.0	-20.45277503472947	142.77247309684753
8	4	914	0	0.445176899433136	-20.0	-20.448247284382173	144.17593121528625
8	5	1034	1	0.6217289566993713	-20.0	-20.44376481153835	145.76099395751953
8	6	879	1	0.7600893974304199	-21.0	-20.449327163422968	147.11062002182007
8	7	853	0	0.41090038418769836	-20.0	-20.444833891788736	148.4451539516449
8	8	1304	1	0.4588385820388794	-21.0	-20.45038555287085	150.4633469581604
8	9	821	1	0.8298267126083374	-21.0	-20.45588169734214	151.72724294662476
9	0	818	0	0.59839928150177	-21.0	-20.46132288036872	156.73542714118958
9	1	817	1	0.5561124086380005	-21.0	-20.466709651565033	157.9840807914734
9	2	1033	1	0.7742476463317871	-20.0	-20.462042555049383	159.56127309799194
9	3	816	0	0.36537736654281616	-21.0	-20.46742212949889	160.81092500686646
9	4	912	0	0.46069180965423584	-20.0	-20.462747908203898	162.20487809181213
9	5	819	0	0.4767395257949829	-21.0	-20.46812042912186	163.46621584892273
9	6	911	0	0.36895883083343506	-20.0	-20.46343922483064	164.875342130661
9	7	815	0	0.3236169219017029	-21.0	-20.468804832582336	166.1307761669159
9	8	1011	0	0.3297170400619507	-19.0	-20.454116784256513	167.67768716812134
9	9	821	1	0.882225751876831	-21.0	-20.45957561641395	168.94305515289307
10	0	1092	0	0.46299365162849426	-20.0	-20.45497986024981	174.3495490550995
10	1	913	0	0.42652904987335205	-20.0	-20.45043006164731	175.76460099220276
10	2	817	1	0.4585002660751343	-21.0	-20.455925761030837	177.02122807502747
10	3	882	1	0.6832257509231567	-21.0	-20.46136650342053	178.38188099861145
10	4	815	1	0.6190019249916077	-21.0	-20.466752838386324	179.64494490623474
10	5	943	1	0.573668360710144	-21.0	-20.472085310002463	181.09609508514404
10	6	821	1	0.5567851066589355	-21.0	-20.47736445690244	182.3624451160431
10	7	819	1	0.6833909153938293	-21.0	-20.482590812333417	183.61860990524292
10	8	816	1	0.3572113811969757	-21.0	-20.48776490421008	184.88040709495544
10	9	915	0	0.848382294178009	-20.0	-20.48288725516798	186.30110096931458
11	0	1714	1	0.7433339357376099	-18.0	-20.4580583826163	192.90861701965332
11	1	971	1	0.6872828006744385	-20.0	-20.453477798790136	194.41349601745605
11	2	976	0	0.5614770650863647	-20.0	-20.448943020802233	195.96353101730347
11	3	1131	1	0.6617327928543091	-19.0	-20.434453590594213	197.76248598098755
11	4	976	0	0.2074822038412094	-20.0	-20.43010905468827	199.24504899978638
11	5	1006	1	0.9291361570358276	-19.0	-20.41580796414139	200.80923223495483
11	6	879	1	0.30671924352645874	-21.0	-20.421649884499978	202.15193605422974
11	7	879	1	0.6347575783729553	-21.0	-20.42743338565498	203.50069999694824
11	8	820	1	0.556649923324585	-21.0	-20.43315905179843	204.77791690826416
11	9	815	0	0.3262273073196411	-21.0	-20.438827461280447	206.0546088218689
12	0	818	0	0.240691140294075	-21.0	-20.444439186667644	211.23326897621155
12	1	911	0	0.31861257553100586	-20.0	-20.439994794800967	212.66024088859558
12	2	978	1	0.6453888416290283	-20.0	-20.435594846852958	214.1820752620697
12	3	876	0	0.4336259663105011	-21.0	-20.44123889838443	215.54111695289612
12	4	915	1	0.8489388823509216	-20.0	-20.436826509400586	216.99158191680908
12	5	1248	1	0.9971619844436646	-19.0	-20.42245824430658	218.97089004516602
12	6	937	1	0.3432554304599762	-21.0	-20.428233661863516	220.46132397651672
12	7	1215	1	0.6180468797683716	-20.0	-20.42395132524488	222.33515000343323
12	8	1003	1	0.6243232488632202	-21.0	-20.42971181199243	223.87664794921875
12	9	2038	0	0.7998762726783752	-21.0	-20.435414693872506	226.99564218521118
13	0	817	0	0.42160847783088684	-21.0	-20.44106054693378	232.12967801094055
13	1	1249	1	0.6941934823989868	-19.0	-20.426649941464444	234.04333996772766
13	2	1413	1	0.7015688419342041	-16.0	-20.3823834420498	236.22354102134705
13	3	1449	1	0.7189339399337769	-15.0	-20.328559607629302	238.4140820503235
13	4	1658	1	0.6166524887084961	-16.0	-20.28527401155301	240.9220790863037
13	5	853	0	0.3497478663921356	-20.0	-20.282421271437478	242.2268249988556
13	6	974	0	0.41590815782546997	-20.0	-20.279597058723102	243.73308110237122
13	7	821	0	0.31893131136894226	-21.0	-20.28680108813587	245.00803208351135
13	8	1035	1	0.5590377449989319	-20.0	-20.28393307725451	246.60252118110657
13	9	975	0	0.6004163026809692	-20.0	-20.281093746481965	248.10161113739014
14	0	913	1	0.6295639276504517	-20.0	-20.278282809017146	253.50186896324158
14	1	1009	0	0.779198169708252	-19.0	-20.265499980926975	255.03785800933838
14	2	1567	0	0.7173381447792053	-17.0	-20.232844981117708	257.43286085128784
14	3	1139	1	0.5981369614601135	-17.0	-20.200516531306533	259.18527007102966
14	4	1410	0	0.3400424122810364	-18.0	-20.17851136599347	261.3581349849701
14	5	1650	1	0.561825156211853	-18.0	-20.156726252333534	263.8984661102295
14	6	1428	1	0.37532445788383484	-21.0	-20.165158989810198	266.06908893585205
14	7	877	1	0.5981369614601135	-21.0	-20.173507399912097	267.41652512550354
14	8	820	0	0.3729473054409027	-21.0	-20.181772325912977	268.67694115638733
14	9	1478	0	0.6013963222503662	-16.0	-20.139954602653848	270.9489269256592
15	0	2583	1	0.6528702974319458	-14.0	-20.07855505662731	278.7035231590271
15	1	1820	1	0.5081279277801514	-13.0	-20.007769506061035	281.4490170478821
15	2	1437	0	0.8192656636238098	-19.0	-19.997691811000426	283.6761751174927
15	3	2084	0	0.2814810872077942	-16.0	-19.957714892890422	286.8999879360199
15	4	972	1	0.5715256333351135	-20.0	-19.95813774396152	288.4065761566162
15	5	1099	1	0.2647872567176819	-20.0	-19.958556366521904	290.0743339061737
15	6	1862	1	0.9627674221992493	-19.0	-19.948970802856685	292.9340329170227
15	7	1329	0	0.5713669657707214	-15.0	-19.89948109482812	294.9694800376892
15	8	1317	1	0.702479898929596	-19.0	-19.890486283879838	296.98029017448425
15	9	2372	1	0.1949172168970108	-13.0	-19.82158142104104	300.55794882774353
16	0	2274	1	0.9979705214500427	18.0	-19.44336560683063	307.8471989631653
16	1	1218	1	0.5360792875289917	-20.0	-19.448931950762322	309.7143540382385
16	2	1708	1	0.6940467357635498	-11.0	-19.364442631254697	312.35253500938416
16	3	1036	1	0.7777493596076965	-20.0	-19.370798204942147	313.97829818725586
16	4	880	1	0.6195827126502991	-21.0	-19.387090222892727	315.34771394729614
16	5	2085	0	0.22697100043296814	-16.0	-19.3532193206638	318.4936499595642
16	6	2052	1	0.7493185997009277	-17.0	-19.329687127457163	321.6384871006012
16	7	2036	0	0.6448026895523071	-21.0	-19.34639025618259	324.7431778907776
16	8	2530	1	0.9979705214500427	16.0	-18.992926353620764	328.657998085022
16	9	2087	1	0.8312503695487976	-16.0	-18.962997090084556	331.8523030281067
17	0	1934	0	0.39511483907699585	-15.0	-18.92336711918371	338.7057201862335
17	1	3420	1	0.6876335144042969	-11.0	-18.844133447991872	343.90747117996216
17	2	1154	0	0.5503761172294617	-20.0	-18.855692113511953	345.6799108982086
17	3	1793	1	0.9989503026008606	-21.0	-18.877135192376834	348.41222500801086
17	4	1740	0	0.5356202721595764	-19.0	-18.878363840453066	351.08809185028076
17	5	2086	1	0.9986039996147156	20.0	-18.489580202048536	354.28359603881836
17	6	1187	0	0.4042019248008728	-19.0	-18.494684400028053	356.08165407180786
17	7	1098	1	0.5365463495254517	-20.0	-18.509737556027773	357.7588050365448
17	8	1987	1	0.9983540773391724	21.0	-18.114640180467493	360.7197160720825
17	9	1990	1	0.9983540773391724	21.0	-17.723493778662817	363.67674493789673
18	0	2062	0	0.4350728392601013	-15.0	-17.696258840876187	370.5391721725464
18	1	2201	1	0.9989233613014221	20.0	-17.319296252467424	373.9076931476593
18	2	2305	1	0.7106599807739258	-15.0	-17.29610328994275	377.39691281318665
18	3	1772	0	0.34834277629852295	-18.0	-17.303142257043323	380.071711063385
18	4	2628	1	0.6322048306465149	-18.0	-17.31011083447289	384.0954749584198
18	5	2050	1	0.9989233613014221	21.0	-16.927009726128162	387.2795379161835
18	6	2712	0	0.20433412492275238	-3.0	-16.78773962886688	391.4378249645233
18	7	2082	1	0.9989233613014221	20.0	-16.41986223257821	394.68765211105347
18	8	1987	1	0.9989233613014221	21.0	-16.04566361025243	397.6878881454468
18	9	2081	1	0.9989233613014221	20.0	-15.685206974149905	400.7957880496979
19	0	2137	0	0.4419742226600647	-18.0	-15.708354904408406	407.91692900657654
19	1	1252	1	0.5014443397521973	-19.0	-15.74127135536432	409.8357629776001
19	2	1426	0	0.5123426914215088	-19.0	-15.773858641810676	412.0529432296753
19	3	1985	1	0.9992867112159729	21.0	-15.406120055392568	415.11169624328613
19	4	1669	1	0.20312456786632538	-21.0	-15.462058854838643	417.6828920841217
19	5	1532	0	0.7332789301872253	-18.0	-15.487438266290257	420.0239689350128
19	6	1526	1	0.7438528537750244	-18.0	-15.512563883627353	422.3593690395355
19	7	2240	1	0.9989676475524902	19.0	-15.167438244791079	425.86646699905396
19	8	2087	1	0.9992895126342773	20.0	-14.815763862343168	429.1392641067505
19	9	1187	1	0.5014443397521973	-19.0	-14.857606223719735	430.97475004196167
20	0	1131	1	0.8077015280723572	-19.0	-14.899030161482537	436.4887979030609
20	1	1991	1	0.9994226694107056	21.0	-14.540039859867711	439.5014982223511
20	2	2039	0	0.9576468467712402	-21.0	-14.604639461269034	442.62153601646423
20	3	2087	1	0.9994226694107056	20.0	-14.258593066656344	445.78408694267273
20	4	3814	1	0.7563742995262146	-8.0	-14.196007135989781	451.6386330127716
20	5	3352	0	0.7197668552398682	-11.0	-14.164047064629882	456.7829210758209
20	6	1963	1	0.5535975098609924	-16.0	-14.182406593983583	459.7757959365845
20	7	1221	0	0.46664947271347046	-18.0	-14.220582528043746	461.6486608982086
20	8	2582	0	0.11679630726575851	-14.0	-14.218376702763308	465.5811598300934
20	9	1773	1	0.7058937549591064	-18.0	-14.256192935735674	468.2539699077606
21	0	1987	1	0.9995263814926147	21.0	-13.903631006378317	475.1770040988922
21	1	2061	1	0.8455244898796082	-15.0	-13.914594696314534	478.3382179737091
21	2	2389	1	0.8132540583610535	-16.0	-13.935448749351389	482.0058970451355
21	3	2085	1	0.9995189905166626	20.0	-13.596094261857875	485.2054810523987
21	4	2081	1	0.9995189905166626	20.0	-13.260133319239296	488.41051506996155
21	5	1310	0	0.6542870998382568	-19.0	-13.317531986046902	490.3947241306305
21	6	1467	0	0.7007941603660583	-18.0	-13.364356666186433	492.6378400325775
21	7	2038	0	0.9471018314361572	-21.0	-13.440713099524569	495.7693829536438
21	8	1919	1	0.9890614748001099	-17.0	-13.476305968529322	498.68024611473083
21	9	2791	1	0.9995263814926147	12.0	-13.22154290884403	502.9556679725647
22	0	2369	1	0.808715283870697	-13.0	-13.219327479755592	510.22178411483765
22	1	2383	1	0.9996084570884705	15.0	-12.937134204958035	513.8175880908966
22	2	2301	1	0.9996084570884705	19.0	-12.617762862908455	517.3307220935822
22	3	1067	1	0.8426486849784851	-19.0	-12.68158523427937	518.9836280345917
22	4	2547	0	0.6413326263427734	-15.0	-12.704769381936575	522.8765740394592
22	5	2112	1	0.7883542776107788	-15.0	-12.72772168811721	526.097482919693
22	6	2752	1	0.9995989203453064	13.0	-12.470444471236037	530.2960000038147
22	7	2294	0	0.9599458575248718	-15.0	-12.495740026523677	533.8232879638672
22	8	1805	1	0.8426486849784851	-17.0	-12.54078262625844	536.6232378482819
22	9	3091	0	0.8756462335586548	-15.0	-12.565374799995856	541.2633390426636
23	0	2059	1	0.7739142775535583	-15.0	-12.589721051995898	548.1603488922119
23	1	1985	1	0.9997449517250061	21.0	-12.253823841475938	551.1877088546753
23	2	2058	1	0.7376951575279236	-15.0	-12.28128560306118	554.317057132721
23	3	2054	0	0.27272623777389526	-15.0	-12.308472747030569	557.421135187149
23	4	2873	1	0.5458090901374817	-14.0	-12.325388019560263	561.7190048694611
23	5	3527	0	0.7610039114952087	-11.0	-12.312134139364659	567.1100809574127
23	6	2081	1	0.9997645020484924	20.0	-11.989012797971013	570.262149810791
23	7	3049	1	0.9985353946685791	-11.0	-11.979122669991302	574.8564522266388
23	8	1429	0	0.9501702785491943	-21.0	-12.06933144329139	577.0537128448486
23	9	2551	1	0.9997449517250061	10.0	-11.848638128858475	580.9255130290985
24	0	2081	1	0.9998377561569214	20.0	-11.53015174756989	587.8545501232147
24	1	1988	1	0.9998346567153931	21.0	-11.204850230094191	590.8841140270233
24	2	2845	1	0.646655261516571	-13.0	-11.22280172779325	595.2328150272369
24	3	1997	1	0.8824109435081482	-15.0	-11.260573710515319	598.273933172226
24	4	2080	1	0.9998377561569214	20.0	-10.947967973410165	601.4726340770721
24	5	1991	1	0.9998346567153931	21.0	-10.628488293676062	604.5151109695435
24	6	1186	1	0.6612719893455505	-19.0	-10.712203410739301	606.3432121276855
24	7	2061	1	0.7994743585586548	-15.0	-10.755081376631908	609.524796962738
24	8	1962	1	0.6114242076873779	-9.0	-10.737530562865588	612.5008041858673
24	9	2298	0	0.4268306791782379	-15.0	-10.780155257236933	616.0552871227264
25	0	3531	1	0.8460008502006531	-11.0	-10.782353704664564	625.211669921875
25	1	2084	1	0.9998490810394287	20.0	-10.47453016761792	628.3669850826263
25	2	3728	1	0.681809663772583	-9.0	-10.45978486594174	634.0217530727386
25	3	3282	0	0.9624891877174377	-11.0	-10.465187017282322	638.9708490371704
25	4	1987	1	0.9998394250869751	21.0	-10.150535147109498	641.9861681461334
25	5	5391	1	0.996281087398529	-5.0	-10.099029795638403	650.1586418151855
25	6	1867	0	0.4763840436935425	-17.0	-10.168039497682019	653.0625541210175
25	7	1501	1	0.6410036087036133	-17.0	-10.236359102705197	655.3742249011993
25	8	3827	1	0.9998394250869751	5.0	-10.083995511678145	661.29039311409
25	9	2087	1	0.9998490810394287	20.0	-9.783155556561365	664.4678001403809
26	0	3234	1	0.9944242835044861	-11.0	-9.79532400099575	673.227283000946
26	1	2611	0	0.4489337205886841	-13.0	-9.827370760985794	677.2204458713531
26	2	1986	1	0.9998288154602051	21.0	-9.519097053375935	680.2854290008545
26	3	2266	1	0.8222706913948059	-18.0	-9.603906082842176	683.7163689136505
26	4	2053	1	0.9998288154602051	21.0	-9.297867022013753	686.8128890991211
26	5	4014	0	0.8592090010643005	-11.0	-9.314888351793615	692.9746010303497
26	6	5403	0	0.9702389240264893	-1.0	-9.231739468275679	701.2837319374084
26	7	1985	1	0.9998288154602051	21.0	-8.92942207359292	704.3116669654846
26	8	2299	1	0.9998188614845276	19.0	-8.650127852856992	707.8560791015625
26	9	2185	0	0.2421261966228485	-15.0	-8.713626574328423	711.2753012180328
27	0	5084	1	0.6665465235710144	-5.0	-8.676490308585139	722.7734169960022
27	1	1398	1	0.7568259835243225	-20.0	-8.789725405499286	724.8944549560547
27	2	3166	1	0.7791688442230225	-11.0	-8.811828151444292	729.9287490844727
27	3	3599	0	0.3390968441963196	-11.0	-8.833709869929848	735.411614894867
27	4	3793	1	0.7627763748168945	-9.0	-8.83537277123055	741.1979789733887
27	5	3285	0	0.1951943188905716	-13.0	-8.877019043518244	746.2591259479523
27	6	4158	0	0.13648758828639984	-7.0	-8.858248853083062	752.6577179431915
27	7	2397	1	0.7903475165367126	-14.0	-8.909666364552232	756.3315398693085
27	8	1776	1	0.810592532157898	-18.0	-9.00056970090671	759.0285840034485
27	9	4500	1	0.7890216112136841	-6.0	-8.970564003897643	765.8298161029816
28	0	3669	0	0.7616450786590576	-7.0	-8.950858363858666	775.4228301048279
28	1	3875	1	0.9772964119911194	-8.0	-8.94134978022008	781.2585542201996
28	2	4457	0	0.1958911418914795	-9.0	-8.941936282417878	788.0739109516144
28	3	1990	1	0.9997034668922424	21.0	-8.642516919593698	791.152263879776
28	4	4115	0	0.9124962091445923	-12.0	-8.67609175039776	797.4200792312622
28	5	1986	1	0.9997034668922424	21.0	-8.37933083289378	800.4999511241913
28	6	1990	1	0.9997034668922424	21.0	-8.085537524564842	803.5384418964386
28	7	3237	1	0.7019346952438354	-11.0	-8.114682149319192	808.4259741306305
28	8	1034	0	0.3213326036930084	-20.0	-8.233535327825999	810.0004060268402
28	9	5015	0	0.9506396651268005	-5.0	-8.20119997454774	817.6290650367737
29	0	4652	1	0.9856142401695251	-7.0	-8.189187974802262	828.5927109718323
29	1	3474	0	0.9909738898277283	-11.0	-8.21729609505424	833.9424719810486
29	2	1743	1	0.8094398975372314	-17.0	-8.305123134103697	836.591726064682
29	3	2080	1	0.999625563621521	20.0	-8.022071902762661	839.7763378620148
29	4	1989	1	0.9995867609977722	21.0	-7.731851183735035	842.8158330917358
29	5	3605	1	0.8324836492538452	-9.0	-7.744532671897685	848.3554019927979
29	6	5687	1	0.9999123811721802	4.0	-7.627087345178707	857.1194789409637
29	7	3050	1	0.9876759052276611	-11.0	-7.66081647172692	861.7703750133514
29	8	3052	0	0.17392419278621674	-11.0	-7.694208307009651	866.4319438934326
29	9	3905	1	0.8755614757537842	-9.0	-7.707266223939555	872.5022158622742
30	0	2083	1	0.9995946288108826	20.0	-7.430193561700158	879.7166759967804
30	1	3400	1	0.916167140007019	-15.0	-7.505891626083157	884.9129531383514
30	2	2080	1	0.9995946288108826	20.0	-7.230832709822325	888.0847978591919
30	3	1987	1	0.9995414018630981	21.0	-6.948524382724101	891.1265568733215
30	4	5131	1	0.9433353543281555	-7.0	-6.94903913889686	898.9207470417023
30	5	2796	1	0.9995946288108826	3.0	-6.8495487475078916	903.2321019172668
30	6	1985	1	0.9995414018630981	21.0	-6.571053260032812	906.3054258823395
30	7	2139	1	0.992238461971283	-9.0	-6.595342727432484	909.5937190055847
30	8	5389	1	0.9999042749404907	6.0	-6.469389300158159	917.8955190181732
30	9	2738	1	0.9190525412559509	-4.0	-6.444695407156578	922.1671259403229
31	0	4772	1	0.6908882856369019	-5.0	-6.430248453085012	933.4459340572357
31	1	4975	0	0.9676284193992615	2.0	-6.345945968554163	941.1704790592194
31	2	2503	1	0.9995536208152771	15.0	-6.13248650886862	945.0102050304413
31	3	4406	1	0.8001471161842346	-5.0	-6.121161643779934	951.8413460254669
31	4	2081	1	0.9996355772018433	20.0	-5.859950027342134	955.1068890094757
31	5	4871	0	0.055804912000894547	-4.0	-5.841350527068713	962.6685481071472
31	6	5425	0	0.9999685287475586	3.0	-5.752937021798026	970.938746213913
31	7	4656	1	0.6992580890655518	-5.0	-5.745407651580045	978.2210750579834
31	8	1989	1	0.9996355772018433	21.0	-5.4779535750642445	981.3301439285278
31	9	3105	1	0.7536271810531616	-13.0	-5.5531740393136015	986.0324640274048
32	0	4235	1	0.9995902180671692	-5.0	-5.547642298920465	996.453987121582
32	1	2081	1	0.9996744394302368	20.0	-5.29216587593126	999.6494359970093
32	2	2086	1	0.9996744394302368	20.0	-5.039244217171947	1002.853541135788
32	3	3099	1	0.9645338654518127	-13.0	-5.118851775000228	1007.5582749843597
32	4	5324	1	0.38121989369392395	4.0	-5.027663257250225	1015.6834681034088
32	5	1985	1	0.9995821118354797	21.0	-4.767386624677723	1018.7211608886719
32	6	2083	1	0.9996744394302368	20.0	-4.519712758430946	1021.9236989021301
32	7	1986	1	0.9995821118354797	21.0	-4.2645156308466365	1024.9579429626465
32	8	5166	0	0.9951621890068054	-1.0	-4.23187047453817	1033.331915140152
32	9	2511	1	0.9540958404541016	-16.0	-4.349551769792789	1037.218456029892
33	0	4963	0	0.731870710849762	4.0	-4.26605625209486	1048.9403331279755
33	1	1990	1	0.9997132420539856	21.0	-4.013395689573912	1051.9367880821228
33	2	5275	0	0.8986960649490356	-1.0	-3.9832617326781725	1059.96519613266
33	3	2085	1	0.9997746348381042	20.0	-3.7434291153513906	1063.148010969162
33	4	4652	1	0.7506110072135925	-5.0	-3.7559948241978764	1070.398759841919
33	5	4935	1	0.04415326565504074	3.0	-3.688434875955898	1077.9428589344025
33	6	3032	1	0.9370580911636353	-15.0	-3.801550527196339	1082.6566729545593
33	7	2083	1	0.9997746348381042	20.0	-3.563535021924375	1085.8846349716187
33	8	5116	0	0.9999847412109375	1.0	-3.5178996717051314	1093.7826390266418
33	9	3544	0	0.5719404816627502	-9.0	-3.57272067498808	1099.2353489398956
34	0	2978	0	0.839652419090271	-15.0	-3.686993468238199	1107.7423648834229
34	1	2752	1	0.965850293636322	-11.0	-3.760123533555817	1111.9322350025177
34	2	3790	1	0.9623911380767822	-7.0	-3.7925222982202587	1117.7428998947144
34	3	1977	1	0.26355504989624023	-21.0	-3.964597075238056	1120.9508218765259
34	4	3610	1	0.9353410601615906	-9.0	-4.014951104485676	1126.4853041172028
34	5	2081	1	0.9998451471328735	20.0	-3.7748015934408192	1129.6977128982544
34	6	2411	1	0.9997177720069885	14.0	-3.597053577506411	1133.3929569721222
34	7	3679	1	0.882660448551178	-7.0	-3.6310830417313467	1138.961853981018
34	8	2086	1	0.9998451471328735	20.0	-3.394772211314033	1142.1873450279236
34	9	4860	1	0.9999568462371826	5.0	-3.310824489200893	1149.6350400447845
35	0	2080	1	0.9998313188552856	20.0	-3.077716244308884	1156.7675440311432
35	1	2086	1	0.9998313188552856	20.0	-2.846939081865795	1159.8939671516418
35	2	2080	1	0.9998313188552856	20.0	-2.6184696910471366	1163.0550830364227
35	3	2147	1	0.9998313188552856	20.0	-2.392284994136665	1166.3165590763092
35	4	4623	1	0.9997938275337219	5.0	-2.3183621441952984	1173.37348985672
35	5	3613	1	0.9480304718017578	-7.0	-2.3651785227533453	1178.899363040924
35	6	1986	1	0.9997790455818176	21.0	-2.131526737525812	1181.9544949531555
35	7	3865	1	0.9998843669891357	-5.0	-2.1602114701505535	1187.8507719039917
35	8	2086	1	0.9998313188552856	20.0	-1.9386093554490478	1191.1292622089386
35	9	2084	1	0.9998313188552856	20.0	-1.7192232618945573	1194.362552165985
36	0	4619	1	0.9953486323356628	-1.0	-1.7120310292756118	1205.377196073532
36	1	1989	1	0.9997449517250061	21.0	-1.4849107189828556	1208.482232093811
36	2	2080	1	0.9998067021369934	20.0	-1.2700616117930272	1211.6684291362762
36	3	3368	1	0.8560700416564941	-9.0	-1.347360995675097	1216.7797791957855
36	4	3160	1	0.9269850850105286	-13.0	-1.4638873857183459	1221.6239960193634
36	5	4371	1	0.9298592209815979	-1.0	-1.4592485118611624	1228.3305840492249
36	6	4646	1	0.8977147936820984	-5.0	-1.4946560267425508	1235.5456371307373
36	7	1991	1	0.9997449517250061	21.0	-1.2697094664751254	1238.587674856186
36	8	3038	1	0.9998067021369934	3.0	-1.227012371810374	1243.259915113449
36	9	2082	1	0.9998067021369934	20.0	-1.0147422480922703	1246.4881489276886
37	0	2087	1	0.9997972846031189	20.0	-0.8045948256113475	1253.5897657871246
37	1	2086	1	0.9997972846031189	20.0	-0.5965488773552341	1256.7853200435638
37	2	4121	1	0.8952733874320984	-3.0	-0.6205833885816818	1263.0842471122742
37	3	1985	1	0.9997572302818298	21.0	-0.404377554695865	1266.1047050952911
37	4	2082	1	0.9997972846031189	20.0	-0.20033377914890632	1269.2763030529022
37	5	3862	1	0.8652957677841187	-5.0	-0.24833044135741728	1275.106882095337
37	6	2473	1	0.9997572302818298	14.0	-0.1058471369438431	1278.9115478992462
37	7	1992	1	0.9996533393859863	21.0	0.10521133442559533	1281.9446589946747
37	8	3987	1	0.9964308738708496	-3.0	0.07415922108133938	1288.017284154892
37	9	4610	1	0.9163604974746704	-1.0	0.06341762887052599	1295.0135459899902
38	0	2087	1	0.9997761845588684	20.0	0.26278345258182073	1302.078565120697
38	1	4349	1	0.9991928935050964	1.0	0.2701556180560025	1308.6598770618439
38	2	3925	1	0.9885885715484619	-3.0	0.23745406187544252	1314.6092631816864
38	3	2106	1	0.9997761845588684	21.0	0.4450795212566881	1317.8247821331024
38	4	4762	0	0.998531699180603	1.0	0.45062872604412124	1325.0796990394592
38	5	2085	1	0.9997761845588684	20.0	0.64612243878368	1328.33735704422
38	6	2085	1	0.9997761845588684	20.0	0.8396612143958433	1331.5572469234467
38	7	4731	1	0.9998513460159302	7.0	0.9012646022518849	1338.8128130435944
38	8	4128	0	0.5247289538383484	-1.0	0.882251956229366	1345.1586380004883
38	9	2367	1	0.9264393448829651	-13.0	0.7434294366670724	1348.8016550540924
39	0	1989	1	0.9997615218162537	21.0	0.9459951423004016	1355.724023103714
39	1	3787	1	0.5128324627876282	-9.0	0.8465351908773976	1361.566045999527
39	2	1985	1	0.9997615218162537	21.0	1.0480698389686236	1364.6293561458588
39	3	1307	0	0.688161313533783	-21.0	0.8275891405789373	1366.6701490879059
39	4	4081	0	0.6582430601119995	5.0	0.869313249173148	1372.9045460224152
39	5	3487	1	0.9451066851615906	-7.0	0.7906201166814164	1378.213581085205
39	6	4111	1	0.9983181953430176	6.0	0.8427139155146022	1384.5366299152374
39	7	3438	0	0.7476775050163269	-5.0	0.7842867763594561	1389.8767318725586
39	8	2035	1	0.37174442410469055	-21.0	0.5664439085958616	1393.0002748966217
39	9	3693	1	0.9306391477584839	-3.0	0.530779469509903	1398.687371969223
40	0	1729	0	0.8074540495872498	-21.0	0.315471674814804	1405.271553993225
40	1	2080	1	0.9998555183410645	20.0	0.512316958066656	1408.4890720844269
40	2	2322	1	0.9997518658638	15.0	0.6571937884859894	1412.0736150741577
40	3	2084	1	0.9998555183410645	20.0	0.8506218506011296	1415.3089849948883
40	4	3197	0	0.9452176094055176	13.0	0.9721156320951183	1420.2052118778229
40	5	5505	1	0.9998394250869751	2.0	0.9823944757741672	1428.6585869789124
40	6	3282	0	0.9767197370529175	7.0	1.0425705310164255	1433.747162103653
40	7	1988	1	0.999813973903656	21.0	1.2421448257062613	1436.817076921463
40	8	2082	1	0.9998555183410645	20.0	1.4297233774491986	1439.995847940445
40	9	1988	1	0.999813973903656	21.0	1.6254261436747066	1443.0683970451355
41	0	2085	1	0.9998879432678223	20.0	1.8091718822379594	1450.2147760391235
41	1	1987	1	0.9998511075973511	21.0	2.0010801634155797	1453.3438761234283
41	2	1985	1	0.9998511075973511	21.0	2.191069361781424	1456.4040231704712
41	3	4317	1	0.21592631936073303	-1.0	2.15915866816361	1463.1130149364471
41	4	4272	0	0.9788480997085571	8.0	2.217567081481974	1469.6557528972626
41	5	1986	1	0.9998511075973511	21.0	2.405391410667154	1472.7187840938568
41	6	3431	1	0.9999451637268066	8.0	2.4613374965604824	1478.0335958003998
41	7	2086	1	0.9998879432678223	20.0	2.636724121594878	1481.3452401161194
41	8	2081	1	0.9998879432678223	20.0	2.810356880378929	1484.594220161438
41	9	1990	1	0.9998511075973511	21.0	2.9922533115751397	1487.6668648719788
42	0	2144	1	0.9998586177825928	20.0	3.1623307784593884	1494.8042550086975
42	1	1985	1	0.9998063445091248	21.0	3.3407074706747943	1497.8316202163696
42	2	2504	0	0.9681838154792786	19.0	3.4973003959680464	1501.6592168807983
42	3	1986	1	0.9998063445091248	21.0	3.672327392008366	1504.7448608875275
42	4	2084	1	0.9998586177825928	20.0	3.8356041180882823	1507.960242986679
42	5	4771	0	0.9681838154792786	4.0	3.8372480769073993	1515.177990913391
42	6	1987	1	0.9997606873512268	21.0	4.008875596138325	1518.2256360054016
42	7	3925	1	0.9978615641593933	4.0	4.008786840176942	1524.2769711017609
42	8	1986	1	0.9998063445091248	21.0	4.178698971775173	1527.4250838756561
42	9	2085	1	0.9998586177825928	20.0	4.336911982057422	1530.6263680458069
43	0	2201	1	0.9998384714126587	20.0	4.493542862236848	1537.9049019813538
43	1	2085	1	0.9998384714126587	20.0	4.64860743361448	1541.1135370731354
43	2	2101	0	0.9791378974914551	20.0	4.802121359278335	1544.3888530731201
43	3	1990	1	0.9997807145118713	21.0	4.964100145685551	1547.5012521743774
43	4	1858	0	0.8119609951972961	-21.0	4.704459144228696	1550.4008440971375
43	5	2654	0	0.9932376146316528	18.0	4.8374145527864085	1554.509840965271
43	6	2635	0	0.9928118586540222	17.0	4.959040407258544	1558.6087899208069
43	7	1987	1	0.9997807145118713	21.0	5.119450003185959	1561.6705520153046
43	8	3614	0	0.9953926801681519	13.0	5.198255503154099	1567.2303130626678
43	9	2956	1	0.9998384714126587	2.0	5.1662729481225576	1571.7943348884583
44	0	2412	0	0.9929946064949036	18.0	5.294610218641331	1579.3205261230469
44	1	2426	0	0.9929946064949036	16.0	5.401664116454918	1583.0372731685638
44	2	2177	1	0.9997311234474182	19.0	5.5376474752903695	1586.3573429584503
44	3	2086	1	0.9998196959495544	20.0	5.682271000537466	1589.4842171669006
44	4	2053	1	0.9998196959495544	21.0	5.835448290532091	1592.5653541088104
44	5	2007	0	0.9914079308509827	21.0	5.987093807626771	1595.5788640975952
44	6	2428	0	0.9914079308509827	16.0	6.087222869550503	1599.2770161628723
44	7	2233	0	0.9874186515808105	18.0	6.206350640854998	1602.6619131565094
44	8	4236	0	0.9878985285758972	4.0	6.184287134446448	1609.1345760822296
44	9	2007	0	0.9914079308509827	21.0	6.3324442631019835	1612.2510888576508
45	0	2107	0	0.9700882434844971	20.0	6.469119820470964	1619.322862148285
45	1	2107	0	0.9700882434844971	20.0	6.604428622266255	1622.5376749038696
45	2	2082	1	0.9998345375061035	20.0	6.738384336043593	1625.7186570167542
45	3	2086	1	0.9998345375061035	20.0	6.871000492683157	1628.9575941562653
45	4	2004	0	0.9913029670715332	21.0	7.012290487756325	1631.9902951717377
45	5	2009	0	0.9913029670715332	21.0	7.152167582878762	1635.0437610149384
45	6	2224	0	0.9913029670715332	20.0	7.2806459070499745	1638.4120209217072
45	7	2086	1	0.9998345375061035	20.0	7.407839447979475	1641.6238889694214
45	8	2011	0	0.9913029670715332	21.0	7.54376105349968	1644.683909893036
45	9	2081	1	0.9998345375061035	20.0	7.668323442964684	1647.8595819473267
46	0	1990	1	0.9998205304145813	21.0	7.801640208535036	1654.610908985138
46	1	2730	0	0.993672251701355	14.0	7.863623806449685	1658.7707209587097
46	2	1987	1	0.9998205304145813	21.0	7.994987568385189	1661.7882750034332
46	3	2133	0	0.995790958404541	21.0	8.125037692701337	1665.07275223732
46	4	2008	0	0.995790958404541	21.0	8.253787315774325	1668.1422789096832
46	5	1985	1	0.9998205304145813	21.0	8.381249442616582	1671.197380065918
46	6	1988	1	0.9998205304145813	21.0	8.507436948190417	1674.2565791606903
46	7	3096	1	0.9983489513397217	14.0	8.562362578708514	1679.0571899414062
46	8	1989	1	0.9998205304145813	21.0	8.68673895292143	1682.14630818367
46	9	2172	0	0.9850783348083496	18.0	8.779871563392216	1685.5073580741882
47	0	1986	1	0.9997550845146179	21.0	8.902072847758294	1692.2936871051788
47	1	2006	0	0.9974955916404724	21.0	9.023052119280711	1695.401239156723
47	2	1989	1	0.9997550845146179	21.0	9.142821598087904	1698.485029220581
47	3	2131	0	0.9912722706794739	21.0	9.261393382107025	1701.7507030963898
47	4	2008	0	0.9974955916404724	21.0	9.378779448285956	1704.7912261486053
47	5	2180	1	0.9996987581253052	19.0	9.474991653803096	1708.1021161079407
47	6	1990	1	0.9997550845146179	21.0	9.590241737265066	1711.0725710391998
47	7	2478	1	0.9997691512107849	14.0	9.634339319892415	1714.8566029071808
47	8	2083	1	0.9997691512107849	20.0	9.73799592669349	1717.9958310127258
47	9	1988	1	0.9997550845146179	21.0	9.850615967426556	1721.0760550498962
48	0	2006	0	0.9976765513420105	21.0	9.962109807752292	1727.9384620189667
48	1	2008	0	0.9976765513420105	21.0	10.072488709674769	1731.0050361156464
48	2	2007	0	0.9976765513420105	21.0	10.181763822578022	1734.0826160907745
48	3	2146	1	0.999776303768158	20.0	10.27994618435224	1737.381381034851
48	4	2009	0	0.9976765513420105	21.0	10.387146722508719	1740.4457700252533
48	5	1989	1	0.999764621257782	21.0	10.493275255283633	1743.4872970581055
48	6	1986	1	0.999764621257782	21.0	10.598342502730798	1746.5514760017395
48	7	2931	0	0.9967621564865112	10.0	10.59235907770349	1750.9865260124207
48	8	2005	0	0.9976765513420105	21.0	10.696435486926456	1753.9899048805237
48	9	1988	1	0.999764621257782	21.0	10.799471132057192	1757.0279819965363
49	0	1991	1	0.9997237324714661	21.0	10.901476420736621	1763.8827431201935
49	1	1989	1	0.9997237324714661	21.0	11.002461656529256	1766.9089391231537
49	2	2106	0	0.9944177865982056	20.0	11.092437039963963	1770.0804619789124
49	3	2101	0	0.9944177865982056	20.0	11.181512669564322	1773.257259130478
49	4	2009	0	0.9969601631164551	21.0	11.279697542868679	1776.316146850586
49	5	1988	1	0.9997237324714661	21.0	11.376900567439993	1779.3417990207672
49	6	2008	0	0.9983581900596619	21.0	11.473131561765594	1782.3977220058441
49	7	2050	1	0.999754011631012	21.0	11.56840024614794	1785.5247638225555
49	8	2087	1	0.999754011631012	20.0	11.65271624368646	1788.7298769950867
49	9	2175	1	0.9996742010116577	19.0	11.726189081249593	1792.0483930110931
