0	0	756	1	0.6389118432998657	-21.0	-21.0	1.3396649360656738
0	1	755	1	0.5782291889190674	-21.0	-21.0	2.562260866165161
0	2	754	1	0.8041356205940247	-21.0	-21.0	3.7822117805480957
0	3	756	0	0.5875731706619263	-21.0	-21.0	4.989897966384888
0	4	820	0	0.27589425444602966	-21.0	-21.0	6.272650957107544
0	5	759	0	0.2369929552078247	-21.0	-21.0	7.454578876495361
0	6	940	0	0.3356001377105713	-21.0	-21.0	8.933326721191406
0	7	755	0	0.5172938108444214	-21.0	-21.0	10.135859966278076
0	8	755	1	0.7341593503952026	-21.0	-21.0	11.334930896759033
0	9	760	0	0.4217708110809326	-21.0	-21.0	12.53070592880249
1	0	981	0	0.819332480430603	-20.0	-20.99	17.708775997161865
1	1	1031	1	0.18623921275138855	-20.0	-20.980099999999997	19.342872858047485
1	2	758	1	0.7638514041900635	-21.0	-20.980299	20.523787021636963
1	3	760	0	0.5193196535110474	-21.0	-20.98049601	21.72993779182434
1	4	816	1	0.12856990098953247	-21.0	-20.9806910499	23.007779121398926
1	5	1153	1	0.4505529999732971	-20.0	-20.970884139400997	24.825217962265015
1	6	758	1	0.7407576441764832	-21.0	-20.971175298006987	26.02021884918213
1	7	760	0	0.3293805420398712	-21.0	-20.971463545026918	27.23509192466736
1	8	760	0	0.4341669976711273	-21.0	-20.97174890957665	28.45585584640503
1	9	761	0	0.9499437212944031	-21.0	-20.972031420480885	29.668728828430176
2	0	1034	0	0.857739269733429	-20.0	-20.962311106276076	34.89533996582031
2	1	938	1	0.6889032125473022	-21.0	-20.962687995213315	36.3385648727417
2	2	1098	0	0.6229475736618042	-20.0	-20.953061115261182	38.05410099029541
2	3	756	0	0.6101323366165161	-21.0	-20.95353050410857	39.25846791267395
2	4	759	1	0.712615430355072	-21.0	-20.953995199067485	40.448477029800415
2	5	757	0	0.5503078103065491	-21.0	-20.95445524707681	41.64281177520752
2	6	882	1	0.7189068794250488	-21.0	-20.954910694606045	43.01502704620361
2	7	757	1	0.6264347434043884	-21.0	-20.955361587659986	44.22393488883972
2	8	761	0	0.6723219752311707	-21.0	-20.955807971783386	45.43795394897461
2	9	760	0	0.39504697918891907	-21.0	-20.956249892065554	46.657999753952026
3	0	755	1	0.6255137920379639	-21.0	-20.9566873931449	51.54664611816406
3	1	821	0	0.5812500715255737	-21.0	-20.95712051921345	52.856974840164185
3	2	755	1	0.7198631763458252	-21.0	-20.957549314021318	54.043335914611816
3	3	755	1	0.22288785874843597	-21.0	-20.957973820881104	55.2437310218811
3	4	761	0	0.4761599004268646	-21.0	-20.958394082672292	56.44716191291809
3	5	1101	1	0.5089096426963806	-20.0	-20.94881014184557	58.16964673995972
3	6	754	1	0.41651999950408936	-21.0	-20.949322040427116	59.37265110015869
3	7	819	0	0.6382102966308594	-21.0	-20.949828820022844	60.68406295776367
3	8	761	1	0.6255137920379639	-21.0	-20.950330531822615	61.88595199584961
3	9	1153	0	0.8979553580284119	-20.0	-20.94082722650439	63.71031880378723
4	0	1092	0	0.6206215023994446	-20.0	-20.931418954239344	69.129802942276
4	1	1098	1	0.447285532951355	-20.0	-20.92210476469695	70.84532308578491
4	2	1072	0	0.8889901638031006	-19.0	-20.90288371704998	72.54226088523865
4	3	1155	1	0.09311918169260025	-20.0	-20.89385487987948	74.39684677124023
4	4	757	1	0.2684326171875	-21.0	-20.894916331080687	75.58242416381836
4	5	817	0	0.7319134473800659	-21.0	-20.895967167769882	76.86351680755615
4	6	815	0	0.7330917119979858	-21.0	-20.897007496092183	78.14143800735474
4	7	817	0	0.9071379899978638	-21.0	-20.89803742113126	79.43668603897095
4	8	877	0	0.507007360458374	-21.0	-20.89905704691995	80.82350277900696
4	9	1135	1	0.8847774863243103	-19.0	-20.88006647645075	82.64469289779663
5	0	820	1	0.8721460103988647	-21.0	-20.881265811686244	87.64421892166138
5	1	759	1	0.6088706851005554	-21.0	-20.882453153569383	88.85376596450806
5	2	876	1	0.866354763507843	-21.0	-20.88362862203369	90.2299268245697
5	3	943	0	0.5464509725570679	-21.0	-20.884792335813355	91.67688393592834
5	4	1292	1	0.42004209756851196	-18.0	-20.85594441245522	93.69853806495667
5	5	941	0	0.6131128072738647	-21.0	-20.857384968330667	95.17917275428772
5	6	1154	1	0.4789316952228546	-20.0	-20.848811118647358	97.00455975532532
5	7	1427	0	0.9318278431892395	-19.0	-20.830323007460887	99.27357387542725
5	8	939	1	0.4050251543521881	-21.0	-20.83201977738628	100.78439092636108
5	9	970	0	0.41613948345184326	-20.0	-20.823699579612416	102.33141303062439
6	0	1127	0	0.9363413453102112	-19.0	-20.805462583816293	108.03360486030579
6	1	1325	1	0.7866563200950623	-17.0	-20.767407957978133	110.13218212127686
6	2	1001	1	0.4437825679779053	-21.0	-20.769733878398352	111.73600697517395
6	3	1002	0	0.3469771146774292	-21.0	-20.77203653961437	113.32161593437195
6	4	1152	1	0.8348534107208252	-20.0	-20.764316174218223	115.11452174186707
6	5	973	1	0.22970308363437653	-20.0	-20.75667301247604	116.64019584655762
6	6	1287	0	0.9538620114326477	-18.0	-20.729106282351278	118.67445778846741
6	7	1168	0	0.43762022256851196	-18.0	-20.701815219527766	120.53163075447083
6	8	817	1	0.38100650906562805	-21.0	-20.70479706733249	121.8327419757843
6	9	1063	0	0.8744954466819763	-21.0	-20.707749096659164	123.5277681350708
7	0	821	0	0.36717483401298523	-21.0	-20.71067160569257	128.54897475242615
7	1	878	0	0.5437341332435608	-21.0	-20.713564889635645	129.95721793174744
7	2	1288	1	0.37231430411338806	-18.0	-20.686429240739287	132.03472781181335
7	3	1159	1	0.32683491706848145	-20.0	-20.679564948331894	133.8758749961853
7	4	1041	0	0.5927773118019104	-20.0	-20.672769298848575	135.52362489700317
7	5	1256	0	0.43542206287384033	-19.0	-20.65604160586009	137.50906085968018
7	6	973	0	0.5792915225028992	-20.0	-20.649481189801488	139.0685679912567
7	7	1107	1	0.6732613444328308	-18.0	-20.622986377903473	140.83069491386414
7	8	941	0	0.9013701677322388	-21.0	-20.626756514124438	142.36063599586487
7	9	1343	0	0.9346857070922852	-20.0	-20.62048894898319	144.5176661014557
8	0	1348	1	0.6431372165679932	-18.0	-20.594284059493358	150.30479288101196
8	1	1166	1	0.6957762241363525	-18.0	-20.568341218898425	152.11911988258362
8	2	1214	1	0.7862424850463867	-20.0	-20.56265780670944	154.02322793006897
8	3	1182	1	0.6988976001739502	-21.0	-20.567031228642346	155.89577078819275
8	4	757	1	0.9818151593208313	-21.0	-20.571360916355925	157.08498692512512
8	5	1301	0	0.6445692181587219	-16.0	-20.525647307192365	159.16220593452454
8	6	1422	1	0.7454570531845093	-16.0	-20.480390834120442	161.39840483665466
8	7	1130	1	0.4397757649421692	-19.0	-20.465586925779238	163.1943061351776
8	8	1277	1	0.9456161260604858	-20.0	-20.460931056521446	165.2135419845581
8	9	1343	0	0.6133926510810852	-20.0	-20.45632174595623	167.29426097869873
9	0	1349	0	0.5212650895118713	-18.0	-20.43175852849667	173.0960021018982
9	1	1397	0	0.8636777400970459	-20.0	-20.4274409432117	175.30316591262817
9	2	1468	1	0.7328861951828003	-18.0	-20.403166533779583	177.5627839565277
9	3	1219	0	0.8551265001296997	-20.0	-20.399134868441788	179.49487113952637
9	4	1134	1	0.31141743063926697	-19.0	-20.38514351975737	181.31431698799133
9	5	876	0	0.6394883990287781	-21.0	-20.391292084559797	182.7130880355835
9	6	1100	1	0.643490195274353	-20.0	-20.387379163714197	184.4592797756195
9	7	1166	1	0.2933398187160492	-18.0	-20.363505372077054	186.309583902359
9	8	1165	0	0.7754701375961304	-18.0	-20.339870318356283	188.1268548965454
9	9	1097	0	0.44462212920188904	-20.0	-20.33647161517272	189.82772207260132
10	0	1304	1	0.6052694320678711	-21.0	-20.34310689902099	195.6254961490631
10	1	1694	0	0.5336177945137024	-15.0	-20.28967583003078	198.34873390197754
10	2	1034	0	0.521068274974823	-20.0	-20.28677907173047	200.0198199748993
10	3	1552	0	0.31006988883018494	-14.0	-20.223911281013166	202.5267698764801
10	4	1533	1	0.966374397277832	-18.0	-20.201672168203032	204.9354591369629
10	5	1364	1	0.7070611715316772	-16.0	-20.159655446521	207.05463194847107
10	6	1063	0	0.7908489108085632	-21.0	-20.16805889205579	208.71262907981873
10	7	1324	0	0.6956581473350525	-17.0	-20.136378303135235	210.81319403648376
10	8	1191	1	0.33306699991226196	-19.0	-20.125014520103882	212.72044801712036
10	9	1424	0	0.7608330845832825	-16.0	-20.08376437490284	214.96003890037537
11	0	1421	1	0.6553257703781128	-18.0	-20.062926731153812	220.89884495735168
11	1	1347	1	0.6201747059822083	-18.0	-20.042297463842274	223.01220893859863
11	2	1359	1	0.38948309421539307	-16.0	-20.001874489203853	225.10341596603394
11	3	1481	1	0.5248852968215942	-16.0	-19.961855744311816	227.39213490486145
11	4	1508	0	0.4628697335720062	-17.0	-19.9322371868687	229.78962087631226
11	5	1489	0	0.6682677268981934	-14.0	-19.872914815000016	232.19124674797058
11	6	1676	1	0.5010517239570618	-14.0	-19.814185666850015	234.8761339187622
11	7	938	1	0.3212076425552368	-21.0	-19.826043810181517	236.33710384368896
11	8	1765	0	0.6524806022644043	-13.0	-19.7577833720797	239.07528281211853
11	9	1312	0	0.6992169618606567	-19.0	-19.750205538358905	241.1846170425415
12	0	1351	0	0.9338606595993042	-18.0	-19.732703482975317	247.01986575126648
12	1	1567	1	0.7239536046981812	-17.0	-19.705376448145564	249.53560090065002
12	2	1446	1	0.48186588287353516	-17.0	-19.67832268366411	251.8358018398285
12	3	1093	0	0.8105937838554382	-20.0	-19.68153945682747	253.56213879585266
12	4	1123	1	0.10445291548967361	-21.0	-19.694724062259194	255.32247400283813
12	5	1389	1	0.41806426644325256	-15.0	-19.6477768216366	257.432089805603
12	6	1477	1	0.8625384569168091	-16.0	-19.611299053420236	259.6887528896332
12	7	1098	1	0.4077571928501129	-20.0	-19.615186062886032	261.4107389450073
12	8	2306	1	0.9630799293518066	-8.0	-19.49903420225717	265.0057327747345
12	9	1040	0	0.558456301689148	-20.0	-19.5040438602346	266.67011880874634
13	0	1419	1	0.6286255121231079	-16.0	-19.46900342163225	272.6104419231415
13	1	1498	0	0.8267130255699158	-19.0	-19.46431338741593	274.99989795684814
13	2	1971	0	0.784292995929718	-14.0	-19.409670253541773	278.2354848384857
13	3	1185	1	0.27670395374298096	-21.0	-19.425573551006355	280.1502630710602
13	4	1542	0	0.21978500485420227	-16.0	-19.39131781549629	282.5757141113281
13	5	1448	0	0.5053950548171997	-17.0	-19.367404637341327	284.8723928928375
13	6	1445	1	0.16017518937587738	-17.0	-19.343730590967915	287.1565771102905
13	7	1540	1	0.6645614504814148	-16.0	-19.310293285058236	289.6422758102417
13	8	1691	1	0.41275423765182495	-17.0	-19.287190352207656	292.37304401397705
13	9	1509	1	0.4851802885532379	-15.0	-19.24431844868558	294.7259829044342
14	0	1540	0	0.7292883992195129	-18.0	-19.231875264198724	300.7896888256073
14	1	1885	1	0.9111523628234863	-15.0	-19.189556511556734	303.77606296539307
14	2	1472	0	0.22392955422401428	-18.0	-19.177660946441165	306.1224048137665
14	3	1358	0	0.1104738786816597	-16.0	-19.145884336976753	308.27928590774536
14	4	1009	1	0.6286729574203491	-19.0	-19.144425493606988	309.87384605407715
14	5	1250	0	0.32803598046302795	-19.0	-19.14298123867092	311.84058809280396
14	6	1194	1	0.5180158615112305	-19.0	-19.141551426284213	313.7209620475769
14	7	1685	0	0.5610113739967346	-12.0	-19.07013591202137	316.3785648345947
14	8	1436	1	0.7241570353507996	-19.0	-19.069434552901157	318.6227147579193
14	9	1898	0	0.3233472406864166	-11.0	-18.988740207372146	321.6585648059845
15	0	1682	1	0.9358277916908264	-12.0	-18.918852805298425	328.04382491111755
15	1	1099	1	0.9828283190727234	-20.0	-18.92966427724544	329.79780673980713
15	2	1255	1	0.5775783658027649	-19.0	-18.930367634472987	331.77877616882324
15	3	1916	0	0.8372799158096313	-12.0	-18.86106395812826	334.7721951007843
15	4	1217	1	0.30446144938468933	-20.0	-18.872453318546977	336.6959071159363
15	5	1998	0	0.7680903673171997	-10.0	-18.783728785361507	339.8221559524536
15	6	1096	0	0.9303851127624512	-20.0	-18.795891497507892	341.5786108970642
15	7	1822	1	0.46859094500541687	-13.0	-18.73793258253281	344.4991500377655
15	8	2011	0	0.8411603569984436	-13.0	-18.68055325670748	347.71476793289185
15	9	1194	1	0.7265883684158325	-19.0	-18.683747724140407	349.61012506484985
16	0	1493	1	0.8507860898971558	-14.0	-18.636910246899003	355.7590229511261
16	1	1754	1	0.7440824508666992	-17.0	-18.620541144430014	358.4836480617523
16	2	1928	0	0.6679494976997375	-12.0	-18.554335732985713	361.5139389038086
16	3	1697	1	0.5103465914726257	-15.0	-18.518792375655853	364.21270775794983
16	4	1932	0	0.8110454082489014	-17.0	-18.503604451899296	367.2566967010498
16	5	1588	0	0.842536211013794	-20.0	-18.518568407380304	369.7758278846741
16	6	1503	0	0.8958962559700012	-17.0	-18.5033827233065	372.1397907733917
16	7	1376	1	0.6671209931373596	-19.0	-18.508348896073436	374.34287214279175
16	8	1759	1	0.971439778804779	-15.0	-18.4732654071127	377.13534903526306
16	9	2013	1	0.6963415741920471	-13.0	-18.41853275304157	380.35800290107727
17	0	2058	0	0.9098297953605652	-15.0	-18.384347425511155	387.3642370700836
17	1	1742	1	0.5032723546028137	-12.0	-18.320503951256043	390.09088683128357
17	2	1635	0	0.9307996034622192	-15.0	-18.28729891174348	392.6234200000763
17	3	2016	0	0.9447287321090698	-13.0	-18.234425922626045	395.7757728099823
17	4	1904	0	0.6839429140090942	-11.0	-18.162081663399782	398.81745195388794
17	5	2035	0	0.6647182703018188	-14.0	-18.120460846765784	402.02488589286804
17	6	1569	1	0.7993795275688171	-17.0	-18.109256238298126	404.4958999156952
17	7	1399	0	0.8791234493255615	-20.0	-18.128163675915143	406.69625973701477
17	8	1443	1	0.316057026386261	-17.0	-18.116882039155993	408.96678709983826
17	9	1497	0	0.8576249480247498	-19.0	-18.125713218764435	411.36069083213806
18	0	1603	0	0.0984121784567833	-16.0	-18.10445608657679	417.68960094451904
18	1	1743	0	0.3747996985912323	-12.0	-18.043411525711022	420.43394684791565
18	2	1706	1	0.7944767475128174	-13.0	-17.99297741045391	423.1122078895569
18	3	1852	1	0.6736412644386292	-16.0	-17.97304763634937	426.034973859787
18	4	1706	1	0.37899917364120483	-13.0	-17.923317159985874	428.7281427383423
18	5	1928	1	0.430084228515625	-12.0	-17.864083988386017	431.7146589756012
18	6	1757	1	0.9458214044570923	-17.0	-17.855443148502157	434.4632577896118
18	7	2178	1	0.9783449172973633	-10.0	-17.776888717017137	437.9281690120697
18	8	1508	1	0.7955843806266785	-17.0	-17.769119829846968	440.34286999702454
18	9	1787	0	0.7656561136245728	-16.0	-17.7514286315485	443.2338800430298
19	0	2179	1	0.7851374745368958	-10.0	-17.673914345233015	450.4463391304016
19	1	1846	0	0.41980722546577454	-11.0	-17.607175201780684	453.3429639339447
19	2	1746	1	0.7877711653709412	-12.0	-17.551103449762877	456.09496808052063
19	3	1671	0	0.883635401725769	-14.0	-17.51559241526525	458.7174139022827
19	4	1450	1	0.9124873280525208	-15.0	-17.490436491112597	461.02076292037964
19	5	1586	1	0.9617611765861511	-13.0	-17.44553212620147	463.5249638557434
19	6	1231	1	0.21451956033706665	-18.0	-17.451076804939454	465.48772501945496
19	7	1762	1	0.9171948432922363	-15.0	-17.42656603689006	468.23432874679565
19	8	1544	0	0.883635401725769	-16.0	-17.41230037652116	470.7096428871155
19	9	2188	0	0.7704927921295166	-8.0	-17.318177372755947	474.21079778671265
20	0	1986	1	0.8144956231117249	-12.0	-17.26499559902839	481.0984950065613
20	1	1907	1	0.6965447068214417	-16.0	-17.252345643038105	484.11255979537964
20	2	1374	1	0.7625216841697693	-19.0	-17.269822186607726	486.25050497055054
20	3	1477	0	0.9450411796569824	-16.0	-17.25712396474165	488.5728349685669
20	4	1003	1	0.7799331545829773	-21.0	-17.29455272509423	490.1634318828583
20	5	1793	0	0.7184577584266663	-14.0	-17.26160719784329	493.0160939693451
20	6	1436	0	0.8233004212379456	-19.0	-17.27899112586486	495.3174657821655
20	7	1691	0	0.8176347017288208	-17.0	-17.276201214606214	497.9908699989319
20	8	1611	0	0.76636803150177	-14.0	-17.243439202460152	500.57836079597473
20	9	1764	0	0.5198647379875183	-20.0	-17.27100481043555	503.4406659603119
21	0	2151	0	0.9463762640953064	-9.0	-17.188294762331193	510.653767824173
21	1	1247	0	0.7868638038635254	-19.0	-17.20641181470788	512.6249520778656
21	2	1724	1	0.882964551448822	-16.0	-17.1943476965608	515.3526358604431
21	3	1698	0	0.26920178532600403	-15.0	-17.17240421959519	518.0307168960571
21	4	1599	1	0.6150537133216858	-16.0	-17.16068017739924	520.550271987915
21	5	1897	0	0.16979336738586426	-11.0	-17.099073375625245	523.5860180854797
21	6	1783	1	0.6300901174545288	-16.0	-17.088082641868994	526.4571759700775
21	7	1601	1	0.42635104060173035	-16.0	-17.077201815450305	529.0208210945129
21	8	1865	1	0.5041804909706116	-12.0	-17.0264297972958	532.0343589782715
21	9	1619	0	0.2481270432472229	-19.0	-17.046165499322843	534.6331300735474
22	0	2057	1	0.8982560038566589	-10.0	-16.975703844329615	541.5821220874786
22	1	1537	0	0.709862232208252	-16.0	-16.96594680588632	544.009938955307
22	2	1890	1	0.83321213722229	-13.0	-16.926287337827453	546.936155796051
22	3	1983	1	0.8253979086875916	-12.0	-16.87702446444918	550.0565309524536
22	4	1347	0	0.7005473971366882	-18.0	-16.888254219804686	552.1838400363922
22	5	1452	0	0.41150739789009094	-15.0	-16.869371677606637	554.5143496990204
22	6	1600	0	0.8190589547157288	-16.0	-16.86067796083057	557.0746109485626
22	7	1254	1	0.8987323045730591	-19.0	-16.882071181222265	559.0827808380127
22	8	1347	0	0.5247085094451904	-18.0	-16.89325046941004	561.3162360191345
22	9	1968	1	0.4148280620574951	-16.0	-16.88431796471594	564.4712619781494
23	0	1478	0	0.9276045560836792	-16.0	-16.875474785068782	570.5875449180603
23	1	1849	1	0.37807461619377136	-14.0	-16.846720037218095	573.5161108970642
23	2	1566	0	0.9186592102050781	-17.0	-16.848252836845916	576.0305950641632
23	3	1831	0	0.960377037525177	-13.0	-16.809770308477454	578.9593417644501
23	4	2020	0	0.47775954008102417	-11.0	-16.751672605392677	582.1609909534454
23	5	1440	1	0.880115807056427	-17.0	-16.754155879338754	584.4281878471375
23	6	1617	0	0.8702235817909241	-19.0	-16.776614320545367	586.9970948696136
23	7	1605	1	0.4221324920654297	-16.0	-16.768848177339912	589.5471391677856
23	8	1606	0	0.628723680973053	-16.0	-16.761159695566512	592.1125009059906
23	9	1839	0	0.6783314943313599	-16.0	-16.753548098610846	595.0631029605865
24	0	1190	0	0.8813629150390625	-19.0	-16.77601261762474	600.6640720367432
24	1	1660	1	0.08357766270637512	-16.0	-16.768252491448493	603.2837479114532
24	2	1180	0	0.5590975284576416	-21.0	-16.810569966534008	605.1230158805847
24	3	2116	1	0.8369107246398926	-10.0	-16.74246426686867	608.5062139034271
24	4	1370	0	0.7995856404304504	-19.0	-16.765039624199982	610.6577138900757
24	5	1873	1	0.8764903545379639	-15.0	-16.74738922795798	613.5813460350037
24	6	2260	0	0.5793571472167969	-11.0	-16.6899153356784	617.1480579376221
24	7	2012	0	0.8134996294975281	-13.0	-16.653016182321615	620.3331367969513
24	8	1736	1	0.06593252718448639	-14.0	-16.626486020498398	623.0911407470703
24	9	1792	0	0.8799523711204529	-14.0	-16.600221160293415	625.9577741622925
25	0	2208	0	0.8410857915878296	-9.0	-16.524218948690482	633.1732060909271
25	1	1789	0	0.9683822393417358	-14.0	-16.49897675920358	635.974161863327
25	2	1322	1	0.7831929922103882	-17.0	-16.503986991611544	638.0498707294464
25	3	1914	0	0.9569329023361206	-14.0	-16.47894712169543	641.0529539585114
25	4	1880	1	0.852262556552887	-15.0	-16.464157650478473	644.0635378360748
25	5	2630	1	0.6319671273231506	-9.0	-16.389516073973688	648.1474640369415
25	6	1162	1	0.8994731307029724	-18.0	-16.40562091323395	649.9842188358307
25	7	1506	1	0.3763958513736725	-17.0	-16.41156470410161	652.3707871437073
25	8	2063	0	0.3673167824745178	-10.0	-16.347449057060597	655.6099598407745
25	9	2347	1	0.04306711629033089	-12.0	-16.30397456648999	659.3348560333252
26	0	1926	0	0.801716685295105	-12.0	-16.260934820825092	666.0810160636902
26	1	1310	0	0.4369242191314697	-19.0	-16.288325472616844	668.1333699226379
26	2	2013	0	0.9352056980133057	-13.0	-16.255442217890675	671.3633689880371
26	3	2011	0	0.36583560705184937	-13.0	-16.222887795711767	674.5209438800812
26	4	1346	0	0.5345463752746582	-18.0	-16.240658917754647	676.6337888240814
26	5	998	0	0.8591488003730774	-21.0	-16.2882523285771	678.16614985466
26	6	1759	1	0.5891588926315308	-15.0	-16.27536980529133	680.8598778247833
26	7	1839	0	0.5459397435188293	-16.0	-16.272616107238417	683.7644538879395
26	8	1064	1	0.9841409921646118	-21.0	-16.319889946166033	685.4694828987122
26	9	1937	1	0.7381273508071899	-10.0	-16.256691046704372	688.5662569999695
27	0	1347	0	0.6030343174934387	-18.0	-16.27412413623733	694.3813140392303
27	1	2417	0	0.6242306232452393	-10.0	-16.21138289487496	698.1492578983307
27	2	2057	0	0.9601755142211914	-10.0	-16.14926906592621	701.3555200099945
27	3	1892	0	0.966926634311676	-13.0	-16.117776375266946	704.2850658893585
27	4	2269	0	0.6161081194877625	-9.0	-16.046598611514277	707.9035127162933
27	5	2486	0	0.49700304865837097	-8.0	-15.966132625399133	711.9020700454712
27	6	1741	1	0.5019936561584473	-12.0	-15.926471299145142	714.675971031189
27	7	2060	1	0.4027906060218811	-10.0	-15.86720658615369	717.9092690944672
27	8	1998	0	0.6685361266136169	-15.0	-15.858534520292153	721.0071969032288
27	9	1908	0	0.9664033055305481	-14.0	-15.839949175089233	723.9843368530273
28	0	2320	1	0.6920585036277771	-6.0	-15.741549683338341	731.4091248512268
28	1	2242	1	0.5444197058677673	-8.0	-15.664134186504958	734.8441190719604
28	2	1878	0	0.7279373407363892	-15.0	-15.657492844639908	737.7570879459381
28	3	2318	1	0.6381953358650208	-11.0	-15.610917916193507	741.3573019504547
28	4	2178	0	0.5735081434249878	-10.0	-15.554808737031571	744.7475988864899
28	5	1864	1	0.6202789545059204	-12.0	-15.519260649661256	747.7273578643799
28	6	2540	1	0.37103575468063354	-3.0	-15.394068043164642	751.7956759929657
28	7	1992	0	0.9506467580795288	-10.0	-15.340127362732995	754.9395248889923
28	8	2039	0	0.732917308807373	-12.0	-15.306726089105664	758.1071817874908
28	9	2176	0	0.9609070420265198	-10.0	-15.253658828214608	761.5110700130463
29	0	2489	1	0.7934436798095703	-8.0	-15.181122239932462	769.2096707820892
29	1	3045	0	0.989971399307251	-6.0	-15.089311017533138	773.9802618026733
29	2	1779	1	0.9803683161735535	-16.0	-15.098417907357806	776.7862200737
29	3	2089	0	0.6134326457977295	-9.0	-15.037433728284228	780.0521070957184
29	4	1858	0	0.8283063769340515	-14.0	-15.027059391001385	782.9588208198547
29	5	2298	0	0.6999974846839905	-10.0	-14.976788797091372	786.5143690109253
29	6	2366	1	0.46551480889320374	-10.0	-14.927020909120458	790.2059037685394
29	7	2185	1	0.6199060678482056	-8.0	-14.857750700029253	793.6320209503174
29	8	2385	1	0.9140321612358093	-11.0	-14.819173193028961	797.39044880867
29	9	1839	0	0.5144659876823425	-11.0	-14.780981461098671	800.2632219791412
30	0	2151	1	0.5547664761543274	-9.0	-14.723171646487684	807.4710488319397
30	1	2202	0	0.6565510034561157	-11.0	-14.685939930022807	811.0155489444733
30	2	2617	1	0.19916503131389618	-6.0	-14.59908053072258	815.0712020397186
30	3	1737	1	0.39239105582237244	-14.0	-14.593089725415354	817.7907779216766
30	4	2359	1	0.4188804626464844	-10.0	-14.5471588281612	821.4549169540405
30	5	2147	0	0.8415279388427734	-9.0	-14.491687239879587	824.8278388977051
30	6	2303	0	0.8920283913612366	-8.0	-14.426770367480792	828.529806137085
30	7	2717	1	0.9012631773948669	-5.0	-14.332502663805984	832.8290319442749
30	8	1764	0	0.8808991312980652	-13.0	-14.319177637167925	835.580659866333
30	9	2351	0	0.6092345714569092	-10.0	-14.275985860796245	839.2499887943268
31	0	1761	1	0.5849969983100891	-15.0	-14.283226002188282	845.813435792923
31	1	1985	1	0.6925771832466125	-12.0	-14.260393742166398	849.0000488758087
31	2	2373	0	0.4966254234313965	-6.0	-14.177789804744734	852.8054909706116
31	3	2582	0	0.615307092666626	-7.0	-14.106011906697287	856.9398159980774
31	4	2770	1	0.9730666279792786	-5.0	-14.014951787630315	861.3766059875488
31	5	2367	0	0.4900473654270172	-8.0	-13.954802269754012	865.074599981308
31	6	2232	0	0.7282439470291138	-12.0	-13.935254247056472	868.6736559867859
31	7	2232	0	0.8581196069717407	-10.0	-13.895901704585906	872.2425830364227
31	8	1719	0	0.7146360874176025	-16.0	-13.916942687540047	874.9681899547577
31	9	1861	0	0.4516657590866089	-12.0	-13.897773260664646	877.9512350559235
32	0	2291	1	0.9469642639160156	-10.0	-13.858795528058	885.2649929523468
32	1	2639	0	0.861466646194458	-9.0	-13.81020757277742	889.437924861908
32	2	1991	0	0.9231111407279968	-10.0	-13.772105497049646	892.6449689865112
32	3	2348	1	0.7623152136802673	-7.0	-13.70438444207915	896.3101727962494
32	4	2134	1	0.8674880862236023	-13.0	-13.697340597658359	899.6145989894867
32	5	2445	1	0.9446760416030884	-11.0	-13.670367191681775	903.4061999320984
32	6	2386	0	0.2907586395740509	-9.0	-13.623663519764957	907.1931238174438
32	7	1060	1	0.1029273271560669	-21.0	-13.697426884567308	908.9007370471954
32	8	2586	1	0.5377468466758728	-7.0	-13.630452615721635	913.0414729118347
32	9	1991	0	0.8812126517295837	-12.0	-13.614148089564418	916.1851608753204
33	0	1923	1	0.7231801748275757	-12.0	-13.598006608668774	923.1326520442963
33	1	2307	1	0.4309447705745697	-8.0	-13.542026542582086	926.789941072464
33	2	1937	0	0.964310884475708	-15.0	-13.556606277156265	929.8595669269562
33	3	2671	0	0.8424972891807556	-6.0	-13.481040214384702	934.1354219913483
33	4	2115	0	0.9946413040161133	-10.0	-13.446229812240855	937.4395508766174
33	5	2943	1	0.7916480898857117	-2.0	-13.331767514118445	942.0168688297272
33	6	2365	0	0.6124917268753052	-8.0	-13.278449838977261	945.6903538703918
33	7	1929	1	0.7229002714157104	-12.0	-13.265665340587487	948.6865930557251
33	8	2550	1	0.8472656011581421	-8.0	-13.213008687181613	952.7314939498901
33	9	1630	1	0.6160295009613037	-17.0	-13.250878600309797	955.3063280582428
34	0	2167	1	0.5432738661766052	-12.0	-13.238369814306697	962.5161988735199
34	1	2016	0	0.3391370177268982	-13.0	-13.23598611616363	965.6844780445099
34	2	2970	1	0.5522852540016174	-3.0	-13.133626255001992	970.2942979335785
34	3	2660	0	0.4917164146900177	-5.0	-13.052289992451973	974.4778470993042
34	4	2612	0	0.9540495872497559	-6.0	-12.981767092527454	978.6165809631348
34	5	2221	1	0.8303341269493103	-9.0	-12.941949421602178	982.1201329231262
34	6	2902	1	0.5322185158729553	-1.0	-12.822529927386157	986.6592788696289
34	7	1788	0	0.9903820157051086	-14.0	-12.834304628112296	989.4743700027466
34	8	2704	1	0.9986106157302856	-7.0	-12.775961581831172	993.7185730934143
34	9	2129	1	0.7152383923530579	-13.0	-12.778201966012862	997.0567319393158
35	0	2880	0	0.7742185592651367	-2.0	-12.670419946352732	1005.2881028652191
35	1	2461	1	0.8851525187492371	-7.0	-12.613715746889206	1009.2163400650024
35	2	2814	0	0.9788564443588257	-2.0	-12.507578589420312	1013.6127071380615
35	3	2925	0	0.7727477550506592	-4.0	-12.422502803526108	1018.1622788906097
35	4	1626	1	0.8750857710838318	-17.0	-12.468277775490847	1020.7216267585754
35	5	2262	1	0.929218590259552	-11.0	-12.453594997735937	1024.259882926941
35	6	2113	0	0.7129449248313904	-12.0	-12.449059047758578	1027.6282489299774
35	7	2232	1	0.4933970868587494	-12.0	-12.44456845728099	1031.2078139781952
35	8	2045	0	0.806594729423523	-12.0	-12.440122772708179	1034.4768879413605
35	9	1729	0	0.5539577007293701	-14.0	-12.455721544981097	1037.2103769779205
36	0	2238	0	0.5204918384552002	-10.0	-12.431164329531287	1044.6346299648285
36	1	2424	0	0.40530145168304443	-8.0	-12.386852686235974	1048.4905788898468
36	2	3203	0	0.656951904296875	-3.0	-12.292984159373614	1053.5153098106384
36	3	2166	0	0.7498557567596436	-12.0	-12.290054317779877	1056.8428809642792
36	4	1410	0	0.7874858379364014	-18.0	-12.347153774602077	1059.0825748443604
36	5	2428	1	0.6630083322525024	-6.0	-12.283682236856057	1062.9049060344696
36	6	1918	0	0.9500335454940796	-12.0	-12.280845414487496	1065.8920948505402
36	7	2961	0	0.9975989460945129	2.0	-12.138036960342621	1070.5231108665466
36	8	2383	1	0.688112735748291	-6.0	-12.076656590739196	1074.348984003067
36	9	2567	0	0.9556384682655334	-11.0	-12.065890024831804	1078.457160949707
37	0	2220	0	0.1671096384525299	-7.0	-12.015231124583487	1085.8675639629364
37	1	1829	1	0.8737435936927795	-13.0	-12.025078813337652	1088.747370004654
37	2	2267	1	0.6816337704658508	-11.0	-12.014828025204276	1092.3128089904785
37	3	2122	1	0.9176207184791565	-15.0	-12.044679744952234	1095.6664369106293
37	4	2241	1	0.8533167243003845	-10.0	-12.02423294750271	1099.222177028656
37	5	2335	1	0.4431306719779968	-7.0	-11.973990618027683	1102.9877598285675
37	6	2902	0	0.9997106194496155	2.0	-11.834250711847407	1107.6560997962952
37	7	2263	1	0.9273256063461304	-11.0	-11.825908204728933	1111.292248725891
37	8	1738	0	0.21216847002506256	-14.0	-11.847649122681643	1114.0765597820282
37	9	1909	0	0.1520024836063385	-14.0	-11.869172631454827	1117.1410870552063
38	0	2694	1	0.6007744669914246	-2.0	-11.770480905140278	1125.3407099246979
38	1	1964	0	0.731411874294281	-11.0	-11.762776096088874	1128.4155929088593
38	2	2947	1	0.9999566078186035	1.0	-11.635148335127985	1133.0713558197021
38	3	2178	1	0.7916248440742493	-10.0	-11.618796851776704	1136.5058188438416
38	4	2838	0	0.9987823367118835	4.0	-11.462608883258937	1140.9380128383636
38	5	2920	1	0.9211499691009521	-6.0	-11.40798279442635	1145.5662019252777
38	6	2093	1	0.8387159705162048	-14.0	-11.433902966482087	1148.8843479156494
38	7	1956	0	0.8324522376060486	-11.0	-11.429563936817265	1151.9746179580688
38	8	3050	0	0.7248451113700867	-4.0	-11.355268297449092	1156.8250789642334
38	9	2602	1	0.8268036246299744	-8.0	-11.3217156144746	1160.938227891922
39	0	3025	0	0.998553454875946	2.0	-11.188498458329855	1169.369472026825
39	1	2849	0	0.09572833776473999	-3.0	-11.106613473746556	1173.8824229240417
39	2	3064	0	0.02967693656682968	6.0	-10.93554733900909	1178.8578159809113
39	3	1947	1	0.6838068962097168	-13.0	-10.956191865619001	1181.9718959331512
39	4	3358	0	0.8183559775352478	-2.0	-10.86662994696281	1187.1268758773804
39	5	2072	1	0.8640908598899841	-13.0	-10.887963647493182	1190.3813729286194
39	6	2202	0	0.8067654967308044	-11.0	-10.88908401101825	1193.9016478061676
39	7	2258	0	0.9467523097991943	-13.0	-10.910193170908068	1197.4490959644318
39	8	2232	0	0.9166082739830017	-12.0	-10.921091239198987	1201.0326268672943
39	9	2951	0	0.9986095428466797	4.0	-10.771880326806997	1205.6602189540863
40	0	3054	1	0.7940956950187683	-4.0	-10.704161523538925	1214.2651567459106
40	1	1710	1	0.8792045712471008	-18.0	-10.777119908303536	1216.9426078796387
40	2	2384	1	0.754266083240509	-11.0	-10.7793487092205	1220.7099390029907
40	3	2179	0	0.8765738010406494	-15.0	-10.821555222128294	1224.1177380084991
40	4	2677	0	0.46236076951026917	-6.0	-10.773339669907012	1228.2179970741272
40	5	2606	1	0.8712490200996399	-8.0	-10.745606273207942	1232.2671339511871
40	6	1951	0	0.5372198224067688	-13.0	-10.768150210475863	1235.345627784729
40	7	2758	1	0.4070782959461212	-2.0	-10.680468708371103	1239.7065119743347
40	8	2148	0	0.19721686840057373	-14.0	-10.713664021287393	1243.10933303833
40	9	1631	1	0.37652888894081116	-15.0	-10.75652738107452	1245.6596438884735
41	0	1627	0	0.9889645576477051	-17.0	-10.818962107263774	1252.0581059455872
41	1	2513	1	0.8785490989685059	-7.0	-10.780772486191136	1255.9436128139496
41	2	2818	0	0.9755192399024963	-2.0	-10.692964761329224	1260.3072979450226
41	3	2561	0	0.9618213772773743	-4.0	-10.62603511371593	1264.336905002594
41	4	2678	1	0.5871587991714478	-6.0	-10.579774762578772	1268.56680393219
41	5	2990	1	0.933547854423523	-4.0	-10.513977014952983	1273.2572538852692
41	6	2935	1	0.5390278697013855	-2.0	-10.428837244803454	1277.8774001598358
41	7	3093	0	0.9936249256134033	2.0	-10.304548872355419	1282.0758740901947
41	8	2860	1	0.7844557166099548	-4.0	-10.241503383631864	1286.0469088554382
41	9	2425	1	0.7293596267700195	-8.0	-10.219088349795545	1289.5417730808258
42	0	1342	1	0.28790149092674255	-20.0	-10.316897466297588	1295.0241599082947
42	1	2683	1	0.6378803849220276	-4.0	-10.253728491634611	1298.8228149414062
42	2	3040	0	0.25762975215911865	-6.0	-10.211191206718265	1303.0984699726105
42	3	2531	0	0.18944981694221497	-5.0	-10.159079294651082	1306.4978590011597
42	4	2586	1	0.7923879027366638	-5.0	-10.107488501704573	1309.9960958957672
42	5	3301	0	0.8616212010383606	-2.0	-10.026413616687528	1314.6605858802795
42	6	3246	0	0.8379032611846924	-2.0	-9.946149480520651	1319.3185877799988
42	7	2903	0	0.34501734375953674	-3.0	-9.876687985715444	1323.3784770965576
42	8	2649	1	0.508685827255249	-5.0	-9.827921105858291	1327.0676879882812
42	9	3281	0	0.8570521473884583	-6.0	-9.789641894799708	1331.6936221122742
43	0	2273	0	0.3182290196418762	-9.0	-9.78174547585171	1338.907436132431
43	1	3050	1	0.3776143491268158	-4.0	-9.723928021093192	1343.0631921291351
43	2	3221	1	0.9699661731719971	-1.0	-9.63668874088226	1347.5506308078766
43	3	1817	1	0.27509528398513794	-15.0	-9.690321853473437	1350.0620720386505
43	4	2940	0	0.9726845026016235	1.0	-9.583418634938702	1354.1111888885498
43	5	2671	1	0.7326489686965942	-8.0	-9.567584448589315	1357.934839963913
43	6	2485	0	0.5097869038581848	-8.0	-9.551908604103422	1361.382703781128
43	7	1854	1	0.955100417137146	-14.0	-9.596389518062388	1364.2381267547607
43	8	2941	0	0.46959614753723145	-7.0	-9.570425622881764	1368.849858045578
43	9	3362	0	0.9995676875114441	1.0	-9.464721366652947	1374.18336892128
44	0	3101	1	0.8190370202064514	-6.0	-9.430074152986418	1382.929661989212
44	1	3016	1	0.8729075193405151	-3.0	-9.365773411456553	1387.6901330947876
44	2	2417	1	0.4939585328102112	-10.0	-9.372115677341988	1391.4518420696259
44	3	2791	1	0.9449136853218079	-8.0	-9.358394520568568	1395.8437650203705
44	4	2795	0	0.9980035424232483	-8.0	-9.344810575362883	1400.2926578521729
44	5	2800	0	0.8017936944961548	-6.0	-9.311362469609255	1404.7040288448334
44	6	2600	0	0.24451501667499542	-10.0	-9.318248844913162	1408.7913348674774
44	7	1488	1	0.6230940818786621	-19.0	-9.41506635646403	1411.0791580677032
44	8	2197	1	0.8601810932159424	-11.0	-9.430915692899388	1414.4696798324585
44	9	2762	0	0.10190572589635849	-7.0	-9.406606535970395	1418.694245815277
45	0	2970	0	0.9995381832122803	7.0	-9.242540470610692	1427.2153611183167
45	1	2601	1	0.8816753029823303	-10.0	-9.250115065904584	1431.2674598693848
45	2	2783	0	0.9880210757255554	2.0	-9.137613915245538	1435.6432049274445
45	3	1945	1	0.8717856407165527	-13.0	-9.176237776093084	1438.7404489517212
45	4	2249	1	0.42055732011795044	-13.0	-9.214475398332153	1442.2743608951569
45	5	3024	0	0.3514186441898346	-3.0	-9.152330644348831	1446.9387650489807
45	6	2098	0	0.9649861454963684	-12.0	-9.180807337905343	1450.1732759475708
45	7	1962	1	0.7558114528656006	-16.0	-9.248999264526288	1453.2078280448914
45	8	1566	1	0.9129496812820435	-17.0	-9.326509271881026	1455.6519050598145
45	9	2507	1	0.988043487071991	-11.0	-9.343244179162214	1459.5790519714355
46	0	2987	1	0.5435876250267029	-4.0	-9.289811737370592	1468.137034893036
46	1	2634	1	0.6750903725624084	-9.0	-9.286913619996886	1472.3331971168518
46	2	3417	0	0.989543080329895	-2.0	-9.214044483796917	1477.7584247589111
46	3	2044	0	0.6587893962860107	-12.0	-9.241904038958946	1481.0030269622803
46	4	2823	0	0.9951889514923096	6.0	-9.089484998569356	1485.321217060089
46	5	3038	0	0.9992061257362366	5.0	-8.948590148583662	1490.054361820221
46	6	3048	0	0.9991253018379211	3.0	-8.829104247097826	1494.839075088501
46	7	2803	0	0.7152234315872192	-6.0	-8.800813204626849	1499.2573549747467
46	8	3823	0	0.6496074795722961	-1.0	-8.722805072580579	1505.212496995926
46	9	2827	0	0.48568928241729736	-7.0	-8.705577021854774	1509.6386919021606
47	0	1120	0	0.43143230676651	-21.0	-8.828521251636227	1515.295912027359
47	1	2945	0	0.3560848534107208	-7.0	-8.810236039119864	1519.864105939865
47	2	3132	0	0.9991938471794128	4.0	-8.682133678728666	1524.8573298454285
47	3	2749	0	0.7315950989723206	-11.0	-8.70531234194138	1529.219421863556
47	4	2972	0	0.9994997978210449	5.0	-8.568259218521964	1533.9016098976135
47	5	1772	1	0.9836695194244385	-18.0	-8.662576626336744	1536.6590819358826
47	6	2950	1	0.9065970182418823	-5.0	-8.625950860073377	1541.2536897659302
47	7	3091	0	0.9959394931793213	2.0	-8.519691351472645	1546.1618781089783
47	8	1661	0	0.9485791325569153	-16.0	-8.594494437957918	1548.8118951320648
47	9	2613	1	0.5344529151916504	-6.0	-8.56854949357834	1552.9837288856506
48	0	3016	0	0.710116446018219	-5.0	-8.532863998642558	1561.6926369667053
48	1	3472	1	0.6575800776481628	-2.0	-8.467535358656132	1567.200889825821
48	2	2803	1	0.9461801648139954	-11.0	-8.49286000506957	1571.6374778747559
48	3	2219	0	0.9242828488349915	-12.0	-8.527931405018874	1575.1412069797516
48	4	2075	0	0.767416775226593	-11.0	-8.552652090968685	1578.4183778762817
48	5	2882	1	0.9878196716308594	-7.0	-8.537125570058999	1583.0408639907837
48	6	3029	0	0.9689444899559021	-3.0	-8.481754314358408	1587.8213529586792
48	7	3326	0	0.9681984782218933	2.0	-8.376936771214824	1593.173586845398
48	8	3362	0	0.9601196646690369	-2.0	-8.313167403502675	1598.4708790779114
48	9	2709	1	0.9087862968444824	-5.0	-8.280035729467649	1602.7854309082031
49	0	2888	0	0.7463065981864929	-5.0	-8.247235372172973	1611.2350521087646
49	1	3482	0	0.9860436916351318	3.0	-8.134763018451244	1616.7900857925415
49	2	3332	1	0.9230544567108154	-1.0	-8.063415388266732	1622.0025877952576
49	3	3161	1	0.9999868869781494	5.0	-7.9327812343840645	1626.969221830368
49	4	2924	0	0.9977006316184998	5.0	-7.803453422040224	1631.4748890399933
49	5	2788	0	0.8273127675056458	-8.0	-7.805418887819822	1635.7520039081573
49	6	2168	1	0.7669452428817749	-10.0	-7.827364698941623	1639.096680879593
49	7	3485	1	0.9999904632568359	1.0	-7.739091051952207	1644.6035377979279
49	8	3233	1	0.17268724739551544	-2.0	-7.681700141432684	1649.6495440006256
49	9	2705	1	0.30610013008117676	-7.0	-7.674883140018358	1653.850317955017
