0	0	938	1	0.2641853094100952	-21.0	-21.0	1.6395728588104248
0	1	814	0	0.89180988073349	-21.0	-21.0	2.949565887451172
0	2	1097	1	0.5151464939117432	-20.0	-20.99	4.70234489440918
0	3	880	0	0.8412158489227295	-21.0	-20.990099999999998	6.132034063339233
0	4	879	1	0.19377872347831726	-21.0	-20.990199	7.599840879440308
0	5	1122	0	0.5433205366134644	-21.0	-20.990297010000003	9.423860788345337
0	6	1057	0	0.388612300157547	-21.0	-20.990394039900004	11.153888940811157
0	7	818	1	0.36271053552627563	-21.0	-20.990490099501002	12.489589929580688
0	8	820	0	0.8307983875274658	-21.0	-20.990585198505993	13.822144985198975
0	9	877	0	0.8993682265281677	-21.0	-20.990679346520935	15.246575832366943
1	0	878	0	0.45153412222862244	-21.0	-20.990772553055727	20.48009490966797
1	1	1099	0	0.5298761129379272	-20.0	-20.98086482752517	22.245046854019165
1	2	814	0	0.7202500700950623	-21.0	-20.98105617924992	23.557635068893433
1	3	976	0	0.4318162798881531	-20.0	-20.97124561745742	25.130306005477905
1	4	1154	0	0.41126084327697754	-20.0	-20.961533161282844	26.9672749042511
1	5	1007	0	0.6962589025497437	-19.0	-20.941917829670018	28.578383684158325
1	6	976	0	0.8386207818984985	-20.0	-20.93249865137332	30.132871866226196
1	7	998	0	0.710067093372345	-21.0	-20.933173664859588	31.71522879600525
1	8	942	1	0.4762614369392395	-21.0	-20.93384192821099	33.230064868927
1	9	935	1	0.3218919634819031	-21.0	-20.934503508928884	34.731515884399414
2	0	1186	0	0.8440889120101929	-19.0	-20.915158473839597	40.41780686378479
2	1	815	1	0.6180409789085388	-21.0	-20.9160068891012	41.733213901519775
2	2	1120	0	0.7531814575195312	-21.0	-20.91684682021019	43.514742851257324
2	3	1126	0	0.5675951838493347	-19.0	-20.89767835200809	45.30709981918335
2	4	815	0	0.77933269739151	-21.0	-20.898701568488008	46.59235191345215
2	5	1277	0	0.679512083530426	-20.0	-20.889714552803127	48.64076900482178
2	6	1158	0	0.939616858959198	-20.0	-20.880817407275096	50.529958724975586
2	7	1244	1	0.45197588205337524	-21.0	-20.882009233202346	52.5575737953186
2	8	915	0	0.7904660701751709	-20.0	-20.873189140870323	54.03949689865112
2	9	979	1	0.3390485942363739	-20.0	-20.86445724946162	55.582934856414795
3	0	1160	0	0.7801840901374817	-20.0	-20.855812676967002	61.146793842315674
3	1	1606	0	0.4104671776294708	-14.0	-20.787254550197332	63.75514888763428
3	2	1331	0	0.7521148920059204	-20.0	-20.779382004695357	65.94484090805054
3	3	1093	0	0.5807787179946899	-20.0	-20.7715881846484	67.73642802238464
3	4	1035	1	0.6674237847328186	-20.0	-20.763872302801914	69.42027997970581
3	5	1064	0	0.4782992899417877	-21.0	-20.766233579773896	71.11116003990173
3	6	941	1	0.38107118010520935	-21.0	-20.768571243976158	72.64235997200012
3	7	1215	1	0.1689673811197281	-20.0	-20.760885531536395	74.58298897743225
3	8	1247	0	0.847463071346283	-19.0	-20.743276676221033	76.58876490592957
3	9	1120	1	0.4097166657447815	-21.0	-20.745843909458824	78.38809275627136
4	0	878	1	0.37553200125694275	-21.0	-20.748385470364237	83.47222185134888
4	1	1283	1	0.6384647488594055	-18.0	-20.720901615660594	85.53480386734009
4	2	1424	0	0.8158562779426575	-21.0	-20.723692599503988	87.7999370098114
4	3	1030	1	0.37930476665496826	-20.0	-20.716455673508946	89.4375958442688
4	4	1063	1	0.3997495770454407	-21.0	-20.719291116773856	91.13777875900269
4	5	1248	0	0.9090439081192017	-21.0	-20.72209820560612	93.15035390853882
4	6	1246	0	0.6047922372817993	-21.0	-20.72487722355006	95.1627938747406
4	7	1153	0	0.7027475237846375	-20.0	-20.717628451314557	97.02335000038147
4	8	1035	0	0.7918733954429626	-20.0	-20.71045216680141	98.69480085372925
4	9	1526	0	0.6220905780792236	-18.0	-20.683347645133395	101.11127495765686
5	0	1666	0	0.5666606426239014	-21.0	-20.686514168682063	107.49518489837646
5	1	1190	1	0.6002858281135559	-19.0	-20.669649026995245	109.38183188438416
5	2	1394	1	0.6639652848243713	-20.0	-20.662952536725292	111.5944607257843
5	3	1155	1	0.3209775686264038	-20.0	-20.65632301135804	113.47826290130615
5	4	1439	0	0.6367031931877136	-17.0	-20.61975978124446	115.76946973800659
5	5	1421	0	0.7120392322540283	-21.0	-20.623562183432018	118.05118680000305
5	6	1349	0	0.6574909090995789	-18.0	-20.597326561597697	120.23918104171753
5	7	1279	0	0.2379119098186493	-20.0	-20.59135329598172	122.32040286064148
5	8	1281	0	0.7258275151252747	-18.0	-20.565439763021903	124.36588382720947
5	9	941	1	0.31853121519088745	-21.0	-20.569785365391684	125.86410903930664
6	0	1741	0	0.5908319354057312	-17.0	-20.53408751173777	132.4263129234314
6	1	1492	0	0.8447520136833191	-19.0	-20.518746636620392	134.8394639492035
6	2	1673	1	0.2038877308368683	-19.0	-20.50355917025419	137.50161480903625
6	3	1906	1	0.722065269947052	-16.0	-20.458523578551645	140.53403067588806
6	4	1426	1	0.4634093940258026	-19.0	-20.44393834276613	142.86034297943115
6	5	1519	1	0.5777696967124939	-20.0	-20.43949895933847	145.3067717552185
6	6	1640	1	0.4519568681716919	-20.0	-20.435103969745082	147.94185376167297
6	7	1166	1	0.49601200222969055	-18.0	-20.410752930047632	149.84263396263123
6	8	1334	0	0.6583742499351501	-20.0	-20.406645400747156	152.0053277015686
6	9	1366	0	0.5465295910835266	-19.0	-20.392578946739686	154.20408272743225
7	0	2607	0	0.9994433522224426	12.0	-20.068653157272287	162.1134147644043
7	1	1752	1	0.9421106576919556	-17.0	-20.037966625699564	164.89870476722717
7	2	1239	1	0.8818948864936829	-21.0	-20.04758695944257	166.8316478729248
7	3	1435	0	0.901726484298706	-19.0	-20.037111089848143	169.16412782669067
7	4	1395	0	0.8581724166870117	-20.0	-20.03673997894966	171.4313247203827
7	5	1715	1	0.9399908185005188	-18.0	-20.016372579160166	174.1556510925293
7	6	1216	0	0.7786333560943604	-20.0	-20.016208853368564	176.11372184753418
7	7	1519	0	0.7093990445137024	-20.0	-20.01604676483488	178.50086498260498
7	8	2225	1	0.21406841278076172	-10.0	-19.915886297186532	182.07029700279236
7	9	1277	0	0.7942472696304321	-20.0	-19.916727434214664	184.1275918483734
8	0	2073	1	0.739954948425293	-18.0	-19.897560159872516	191.15571093559265
8	1	1361	0	0.9320186972618103	-21.0	-19.90858455827379	193.3668189048767
8	2	1946	1	0.4561842083930969	-18.0	-19.889498712691054	196.547260761261
8	3	1535	0	0.6818544268608093	-16.0	-19.850603725564145	198.9922957420349
8	4	1671	1	0.7493703365325928	-21.0	-19.862097688308506	201.6494917869568
8	5	1118	0	0.5274240374565125	-21.0	-19.873476711425422	203.44031882286072
8	6	1000	0	0.16819703578948975	-21.0	-19.88474194431117	205.0533790588379
8	7	1238	0	0.6340175867080688	-21.0	-19.89589452486806	207.0450518131256
8	8	2860	0	0.9971394538879395	10.0	-19.596935579619377	211.6677486896515
8	9	1848	0	0.43008628487586975	-14.0	-19.540966223823183	214.58137273788452
9	0	1947	1	0.8822344541549683	-18.0	-19.52555656158495	221.44620895385742
9	1	1893	1	0.43048375844955444	-18.0	-19.5103009959691	224.47306990623474
9	2	2283	0	0.6900408864021301	-17.0	-19.48519798600941	228.1363880634308
9	3	1609	0	0.7244517803192139	-21.0	-19.500346006149318	230.71427869796753
9	4	1801	0	0.8547506928443909	-17.0	-19.475342546087827	233.59477186203003
9	5	2389	0	0.5887643694877625	-14.0	-19.42058912062695	237.37980103492737
9	6	1185	1	0.5608069896697998	-21.0	-19.43638322942068	239.28598594665527
9	7	2792	1	0.4954083263874054	5.0	-19.192019397126472	243.7562928199768
9	8	1910	1	0.6501026153564453	-14.0	-19.14009920315521	246.7539939880371
9	9	1695	1	0.7048305869102478	-15.0	-19.098698211123654	249.47136402130127
10	0	2247	1	0.9946765899658203	-13.0	-19.037711229012416	256.8965528011322
10	1	2213	0	0.9995636343955994	18.0	-18.66733411672229	260.4145357608795
10	2	3731	1	0.9914562106132507	1.0	-18.470660775555068	266.38784098625183
10	3	2355	0	0.8418270349502563	-15.0	-18.435954167799515	270.1753897666931
10	4	1734	0	0.4312075972557068	-19.0	-18.44159462612152	272.9504108428955
10	5	2533	1	0.5608749389648438	-10.0	-18.357178679860308	276.99955892562866
10	6	2083	0	0.9999370574951172	20.0	-17.973606893061707	280.3583879470825
10	7	1822	1	0.2924225330352783	-20.0	-17.99387082413109	283.2161269187927
10	8	1903	1	0.195719912648201	-16.0	-17.973932115889777	286.27736592292786
10	9	1650	1	0.3924828767776489	-18.0	-17.97419279473088	288.93474984169006
11	0	2921	0	0.999937891960144	8.0	-17.714450866783572	297.3868489265442
11	1	1795	1	0.99250328540802	-19.0	-17.727306358115737	300.2402458190918
11	2	2877	0	0.9999523162841797	6.0	-17.49003329453458	304.8381779193878
11	3	2695	0	0.9985419511795044	6.0	-17.255132961589236	309.18354773521423
11	4	3117	0	0.9999523162841797	6.0	-17.022581631973345	314.15911173820496
11	5	1727	1	0.5214512348175049	-21.0	-17.062355815653614	316.99912190437317
11	6	3172	1	0.8893278241157532	-2.0	-16.91173225749708	322.12942695617676
11	7	2223	0	0.9999523162841797	16.0	-16.58261493492211	326.0951249599457
11	8	2986	1	0.8932531476020813	-9.0	-16.506788785572887	332.10700273513794
11	9	2486	0	0.8639746308326721	-8.0	-16.421720897717154	339.0927517414093
12	0	2483	0	0.9999545812606812	12.0	-16.137503688739983	349.2998960018158
12	1	2523	0	0.9999545812606812	11.0	-15.866128651852584	353.70032000541687
12	2	2592	0	0.9999624490737915	14.0	-15.567467365334057	358.14650797843933
12	3	2653	1	0.9959945678710938	13.0	-15.281792691680716	363.29188680648804
12	4	2048	0	0.9999545812606812	21.0	-14.918974764763908	367.7609510421753
12	5	3005	0	0.9999545812606812	4.0	-14.729785017116269	373.9333827495575
12	6	2202	0	0.6287080645561218	-16.0	-14.742487166945105	378.5725429058075
12	7	1903	0	0.7114421129226685	-14.0	-14.735062295275656	382.7705888748169
12	8	2275	0	0.9991029500961304	18.0	-14.407711672322899	387.3653209209442
12	9	1702	0	0.5818424224853516	-20.0	-14.463634555599668	390.84133768081665
13	0	2129	0	0.36345037817955017	-13.0	-14.448998210043673	399.6454267501831
13	1	3771	0	0.9997296929359436	3.0	-14.274508227943237	408.1110329627991
13	2	2197	1	0.9642933011054993	-18.0	-14.311763145663804	412.96543979644775
13	3	2762	0	0.9999762773513794	11.0	-14.058645514207166	418.2731478214264
13	4	2535	0	0.49296173453330994	-10.0	-14.018059059065093	423.55177068710327
13	5	2629	0	0.9999709129333496	13.0	-13.747878468474442	429.01359486579895
13	6	2609	0	0.9999709129333496	12.0	-13.490399683789697	434.4444389343262
13	7	2176	0	0.7680042386054993	-15.0	-13.5054956869518	438.8919370174408
13	8	2975	0	0.7085877656936646	-6.0	-13.430440730082282	444.6565947532654
13	9	2547	0	0.9999709129333496	12.0	-13.17613632278146	449.3754186630249
14	0	2406	0	0.9999750852584839	16.0	-12.884374959553645	457.90097188949585
14	1	2538	0	0.9999785423278809	14.0	-12.615531209958109	462.6607618331909
14	2	2498	1	0.8497745990753174	-16.0	-12.649375897858528	467.23713874816895
14	3	2441	0	0.9999785423278809	15.0	-12.372882138879943	471.7229497432709
14	4	2246	0	0.9999771118164062	17.0	-12.079153317491143	475.8704047203064
14	5	2601	1	0.7309331893920898	-8.0	-12.038361784316232	480.65879797935486
14	6	2169	1	0.9670715928077698	-17.0	-12.08797816647307	484.7271327972412
14	7	2849	1	0.9976741671562195	9.0	-11.877098384808338	490.79502987861633
14	8	2984	0	0.9999785423278809	3.0	-11.728327400960255	497.00254368782043
14	9	2001	0	0.5476019978523254	-15.0	-11.761044126950653	501.3158829212189
15	0	2045	0	0.9999853372573853	21.0	-11.433433685681145	509.5496199131012
15	1	2344	0	0.9996234178543091	16.0	-11.159099348824332	514.3773579597473
15	2	2673	0	0.9999853372573853	10.0	-10.947508355336089	519.9233088493347
15	3	3721	1	0.6342427134513855	-4.0	-10.878033271782726	527.5434188842773
15	4	1883	1	0.5709458589553833	-18.0	-10.949252939064898	531.5052947998047
15	5	3008	1	0.9989594221115112	8.0	-10.759760409674248	538.6870858669281
15	6	2404	1	0.6856926679611206	-12.0	-10.772162805577505	543.8313648700714
15	7	2052	0	0.9999866485595703	21.0	-10.454441177521728	548.2430119514465
15	8	2740	0	0.999985933303833	10.0	-10.249896765746511	554.3693749904633
15	9	3803	0	0.4064280092716217	-3.0	-10.177397798089045	563.0402488708496
16	0	3817	0	0.31561917066574097	2.0	-10.055623820108154	575.4674160480499
16	1	2517	1	0.8147938847541809	-14.0	-10.095067581907074	580.776772737503
16	2	2832	0	0.9999889135360718	9.0	-9.904116906088003	586.654009103775
16	3	3549	1	0.9990237951278687	1.0	-9.795075737027123	593.9859330654144
16	4	3577	0	0.8731544017791748	-11.0	-9.807124979656852	601.3815069198608
16	5	2812	0	0.6734968423843384	-9.0	-9.799053729860283	607.1284830570221
16	6	3692	1	0.9983792304992676	4.0	-9.66106319256168	614.6455898284912
16	7	2229	1	0.9985538125038147	18.0	-9.384452560636063	619.15274477005
16	8	2532	1	0.7280449271202087	-10.0	-9.390608035029702	624.416042804718
16	9	2984	1	0.9981479644775391	12.0	-9.176701954679405	630.7117350101471
17	0	2788	1	0.9973276853561401	9.0	-8.994934935132612	640.928297996521
17	1	2659	0	0.9999899864196777	14.0	-8.764985585781286	646.4744529724121
17	2	2560	0	0.6136526465415955	-16.0	-8.837335729923472	651.7632119655609
17	3	2958	0	0.8917478919029236	-10.0	-8.848962372624237	657.9295139312744
17	4	2219	0	0.9999899864196777	18.0	-8.580472748897995	662.5587148666382
17	5	3143	1	0.9972109198570251	9.0	-8.404668021409014	669.1278188228607
17	6	2605	0	0.9999898672103882	12.0	-8.200621341194925	674.6139798164368
17	7	2302	1	0.9976867437362671	16.0	-7.958615127782975	679.4147996902466
17	8	1986	1	0.7315483093261719	-17.0	-8.049028976505145	683.5342388153076
17	9	3398	1	0.9973276853561401	7.0	-7.8985386867400935	690.4071838855743
18	0	3722	1	0.9972364902496338	3.0	-7.789553299872693	702.1330559253693
18	1	3035	0	0.9999902248382568	10.0	-7.611657766873966	708.4099409580231
18	2	3087	1	0.9967171549797058	9.0	-7.445541189205227	714.811271905899
18	3	3112	0	0.9999345541000366	8.0	-7.2910857773131745	721.2288417816162
18	4	1985	0	0.9999009370803833	21.0	-7.008174919540043	725.319581747055
18	5	3426	1	0.996787428855896	1.0	-6.928093170344642	732.4639449119568
18	6	2005	1	0.9972364902496338	21.0	-6.648812238641195	736.6523058414459
18	7	3302	0	0.9999902248382568	6.0	-6.522324116254784	743.5519638061523
18	8	3852	0	0.3051893413066864	-5.0	-6.5071008750922354	751.5576798915863
18	9	3689	0	0.9999903440475464	2.0	-6.422029866341314	759.2437980175018
19	0	2344	0	0.999991774559021	16.0	-6.197809567677901	768.3846850395203
19	1	2353	0	0.9999908208847046	14.0	-5.995831472001122	773.108806848526
19	2	2291	1	0.9966254234313965	18.0	-5.755873157281111	777.6959187984467
19	3	3315	1	0.9966254234313965	4.0	-5.6583144257083	784.3817799091339
19	4	2538	0	0.9999908208847046	14.0	-5.4617312814512164	789.4850888252258
19	5	2296	1	0.9966254234313965	18.0	-5.227113968636704	794.0974977016449
19	6	2171	1	0.9969959259033203	18.0	-4.994842828950338	798.5724997520447
19	7	3385	0	0.9999908208847046	7.0	-4.874894400660835	805.6962170600891
19	8	2081	0	0.9999908208847046	20.0	-4.626145456654226	810.078685760498
19	9	3574	1	0.99513840675354	2.0	-4.559884002087684	817.639575958252
20	0	2271	1	0.9961186647415161	17.0	-4.344285162066807	826.8596909046173
20	1	1426	0	0.6469557285308838	-21.0	-4.510842310446139	829.8313708305359
20	2	2501	0	0.9999886751174927	15.0	-4.315733887341677	835.0826737880707
20	3	2327	1	0.9961186647415161	17.0	-4.10257654846826	839.9496250152588
20	4	2136	1	0.9964522123336792	19.0	-3.871550782983577	844.4002869129181
20	5	2526	0	0.999988317489624	16.0	-3.672835275153741	849.7197358608246
20	6	2080	0	0.9997102618217468	20.0	-3.4361069224022036	854.0677099227905
20	7	3482	0	0.9999898672103882	6.0	-3.3417458531781814	861.3769209384918
20	8	3130	0	0.9999898672103882	11.0	-3.1983283946463996	867.9313850402832
20	9	3196	1	0.9964522123336792	6.0	-3.1063451106999356	874.6520519256592
21	0	2201	1	0.9946004152297974	19.0	-2.8852816595929363	883.3773348331451
21	1	2007	1	0.9949819445610046	21.0	-2.646428842997007	887.4451518058777
21	2	2084	0	0.9999866485595703	20.0	-2.419964554567037	891.6701197624207
21	3	3190	0	0.9999861717224121	4.0	-2.3557649090213664	898.173467874527
21	4	2140	1	0.995296061038971	19.0	-2.1422072599311526	902.2909209728241
21	5	2292	1	0.995305061340332	18.0	-1.940785187331841	906.8806519508362
21	6	2502	1	0.9946004152297974	12.0	-1.8013773354585223	911.8813927173615
21	7	2841	0	0.999955415725708	11.0	-1.6733635621039369	917.6400990486145
21	8	3358	0	0.9999854564666748	1.0	-1.6466299264828974	924.4167289733887
21	9	2473	0	0.9999866485595703	14.0	-1.4901636272180685	929.4404747486115
22	0	2239	1	0.7752099633216858	-15.0	-1.6252619909458876	938.2786569595337
22	1	3325	0	0.9999884366989136	2.0	-1.5890093710364288	944.9581727981567
22	2	3985	1	0.9955955147743225	4.0	-1.5331192773260645	952.9305458068848
22	3	2136	1	0.9947240948677063	19.0	-1.3277880845528038	957.3539087772369
22	4	3189	0	0.9999885559082031	11.0	-1.2045102037072757	963.9648859500885
22	5	2312	0	0.9999884366989136	17.0	-1.0224651016702029	968.77024102211
22	6	2237	1	0.9963386058807373	18.0	-0.8322404506535008	973.3782699108124
22	7	2463	1	0.9955955147743225	15.0	-0.6739180461469658	978.4503488540649
22	8	2513	0	0.9999866485595703	13.0	-0.5371788656854961	983.7059378623962
22	9	2878	0	0.9999885559082031	11.0	-0.4218070770286412	989.6284987926483
23	0	2183	0	0.9999874830245972	19.0	-0.22758900625835476	998.2990548610687
23	1	2970	0	0.9999879598617554	7.0	-0.1553131161957712	1004.4115979671478
23	2	3259	1	0.9948270916938782	6.0	-0.0937599850338135	1011.1598987579346
23	3	2918	1	0.9939471483230591	7.0	-0.02282238518347536	1017.210052728653
23	4	2760	1	0.9942790269851685	15.0	0.1274058386683594	1022.9131886959076
23	5	2053	0	0.9999874830245972	21.0	0.3361317802816758	1027.110167980194
23	6	2697	1	0.9939471483230591	17.0	0.502770462478859	1032.6984009742737
23	7	2304	1	0.9939471483230591	16.0	0.6577427578540704	1037.5078477859497
23	8	2236	1	0.9936121106147766	18.0	0.8311653302755297	1042.1641809940338
23	9	3489	0	0.9999858140945435	4.0	0.8628536769727745	1049.4887058734894
24	0	2068	1	0.9944862723350525	21.0	1.0642251402030467	1058.1120178699493
24	1	2416	1	0.9947798252105713	18.0	1.233582888801016	1062.9865956306458
24	2	3370	1	0.9918649792671204	8.0	1.301247059913006	1069.747546672821
24	3	3084	1	0.9918649792671204	11.0	1.398234589313876	1076.1028089523315
24	4	2456	1	0.9926869869232178	15.0	1.534252243420737	1081.1965219974518
24	5	2273	0	0.9999821186065674	18.0	1.6989097209865296	1085.8786098957062
24	6	2307	0	0.9999806880950928	17.0	1.851920623776664	1090.701644897461
24	7	2796	0	0.9999806880950928	10.0	1.9334014175388976	1096.4736139774323
24	8	1281	0	0.9516772627830505	-20.0	1.7140674033635086	1099.126456975937
24	9	2304	1	0.9925557971000671	16.0	1.8569267293298735	1103.9441499710083
25	0	2642	1	0.9938390851020813	15.0	1.9883574620365747	1113.6886839866638
25	1	2201	1	0.9933197498321533	19.0	2.158473887416209	1118.2400839328766
25	2	2317	0	0.9999849796295166	15.0	2.2868891485420466	1123.041603088379
25	3	2699	0	0.9999849796295166	13.0	2.394020257056626	1128.6025438308716
25	4	2321	1	0.9933197498321533	19.0	2.56008005448606	1133.405859708786
25	5	2009	1	0.9938390851020813	21.0	2.7444792539411993	1137.5719380378723
25	6	2635	1	0.9943221807479858	10.0	2.8170344614017875	1143.016007900238
25	7	2204	1	0.9938390851020813	19.0	2.9788641167877694	1147.5747108459473
25	8	2145	1	0.8554754257202148	-16.0	2.7890754756198914	1152.047523021698
25	9	2081	0	0.9999849796295166	20.0	2.9611847208636926	1156.418330669403
26	0	2047	0	0.9999881982803345	21.0	3.1415728736550554	1164.9264268875122
26	1	2787	0	0.9999856948852539	12.0	3.230157144918505	1170.6803929805756
26	2	2421	1	0.9962138533592224	16.0	3.35785557346932	1175.7015438079834
26	3	3034	1	0.995302677154541	7.0	3.3942770177346264	1181.9992308616638
26	4	2291	1	0.9955621957778931	18.0	3.54033424755728	1186.7627358436584
26	5	2204	1	0.9961607456207275	17.0	3.674930905081707	1191.378309726715
26	6	2048	0	0.9999881982803345	21.0	3.84818159603089	1195.61141705513
26	7	2762	0	0.9999833106994629	11.0	3.9196997800705806	1201.2780857086182
26	8	2085	0	0.9999881982803345	20.0	4.080502782269875	1205.609699010849
26	9	2500	1	0.9973115921020508	19.0	4.2296977544471765	1210.8479788303375
27	0	3283	0	0.9999901056289673	3.0	4.217400776902705	1221.950613975525
27	1	2164	0	0.8717226386070251	-17.0	4.005226769133678	1226.4167087078094
27	2	2503	0	0.9999901056289673	15.0	4.1151745014423415	1231.595530986786
27	3	2411	0	0.9999880790710449	16.0	4.234022756427918	1236.5765528678894
27	4	2067	1	0.9985722303390503	21.0	4.401682528863639	1240.9301397800446
27	5	2011	1	0.9977880716323853	21.0	4.567665703575003	1245.0959858894348
27	6	2009	1	0.9979828596115112	21.0	4.731989046539253	1249.2786507606506
27	7	2141	1	0.9975283741950989	19.0	4.87466915607386	1253.7131028175354
27	8	2012	1	0.9977880716323853	21.0	5.0359224645131215	1257.8785028457642
27	9	2331	0	0.9999901056289673	20.0	5.1855632398679905	1262.70339179039
28	0	2825	0	0.9999922513961792	11.0	5.243707607469311	1272.7305159568787
28	1	2198	1	0.9970617890357971	19.0	5.381270531394618	1277.04767370224
28	2	2400	0	0.9999922513961792	18.0	5.507457826080671	1281.7880158424377
28	3	3030	0	0.9998977184295654	5.0	5.502383247819864	1287.68576669693
28	4	2557	1	0.9978849291801453	14.0	5.587359415341665	1292.6363599300385
28	5	2144	1	0.7087532877922058	-16.0	5.371485821188249	1296.7884290218353
28	6	3038	1	0.9977692365646362	7.0	5.387770962976367	1302.650174856186
28	7	2344	0	0.9999932050704956	16.0	5.493893253346603	1307.1746318340302
28	8	2275	0	0.9999932050704956	18.0	5.6189543208131365	1311.7354838848114
28	9	2326	1	0.9978849291801453	17.0	5.732764777605005	1316.4426529407501
29	0	2227	0	0.9999927282333374	16.0	5.8354371298289545	1325.040323972702
29	1	2247	0	0.9999927282333374	17.0	5.947082758530665	1329.5112257003784
29	2	2311	0	0.9999915361404419	17.0	6.057611930945358	1334.1139929294586
29	3	2343	1	0.997076153755188	15.0	6.147035811635904	1338.784964799881
29	4	2469	0	0.9999927282333374	16.0	6.2455654535195455	1343.6456439495087
29	5	2123	0	0.9999927282333374	19.0	6.37310979898435	1347.7451298236847
29	6	2051	0	0.9999924898147583	21.0	6.519378700994507	1351.6732919216156
29	7	3337	0	0.7097210884094238	-6.0	6.394184913984562	1358.3905987739563
29	8	2546	0	0.9999927282333374	12.0	6.450243064844717	1364.1087498664856
29	9	2152	0	0.9999929666519165	18.0	6.565740634196269	1368.933700799942
30	0	2456	0	0.9999902248382568	11.0	6.6100832278543065	1378.5012526512146
30	1	2126	0	0.9381662607192993	-13.0	6.413982395575763	1383.107106924057
30	2	2009	1	0.9947466254234314	21.0	6.559842571620005	1387.477243900299
30	3	2218	0	0.9999905824661255	18.0	6.674244145903805	1392.3064289093018
30	4	2046	0	0.9999902248382568	21.0	6.817501704444767	1396.656898021698
30	5	2429	0	0.9999905824661255	17.0	6.91932668740032	1401.7684409618378
30	6	2669	1	0.9907773733139038	14.0	6.990133420526316	1407.4308409690857
30	7	2440	0	0.9996137022972107	15.0	7.070232086321053	1412.6823937892914
30	8	2659	1	0.994976282119751	16.0	7.159529765457843	1418.4185547828674
30	9	2011	1	0.9971007704734802	21.0	7.297934467803264	1422.7104218006134
31	0	2156	0	0.9999920129776001	18.0	7.404955123125231	1431.478801727295
31	1	2196	1	0.9951318502426147	19.0	7.520905571893979	1435.9981098175049
31	2	2352	0	0.9999910593032837	14.0	7.585696516175039	1440.854053735733
31	3	2120	0	0.9999920129776001	19.0	7.699839551013289	1445.2265436649323
31	4	2736	0	0.9999910593032837	5.0	7.672841155503156	1450.8683619499207
31	5	2300	0	0.9999901056289673	19.0	7.786112743948125	1455.619027853012
31	6	2233	1	0.9968114495277405	18.0	7.888251616508643	1460.2016067504883
31	7	2566	1	0.9949181079864502	17.0	7.979369100343556	1465.491189956665
31	8	2150	0	0.9999920129776001	18.0	8.079575409340121	1469.9351117610931
31	9	2668	0	0.9999920129776001	12.0	8.118779655246719	1475.4293928146362
32	0	2212	0	0.9999933242797852	18.0	8.217591858694252	1484.2267618179321
32	1	2168	1	0.995262861251831	20.0	8.335415940107309	1488.6987218856812
32	2	2328	1	0.9952157735824585	17.0	8.422061780706235	1493.4952418804169
32	3	2047	0	0.9999921321868896	21.0	8.547841162899173	1497.7213258743286
32	4	2236	1	0.9969034790992737	18.0	8.64236275127018	1502.3258068561554
32	5	2380	0	0.9999933242797852	15.0	8.70593912375748	1507.230190038681
32	6	2072	1	0.9968882203102112	21.0	8.828879732519905	1511.5047838687897
32	7	2662	0	0.9999921321868896	12.0	8.860590935194704	1516.9498867988586
32	8	2273	0	0.9999927282333374	18.0	8.951985025842756	1521.5645768642426
32	9	2163	1	0.9958001971244812	20.0	9.062465175584327	1525.9639039039612
33	0	2716	0	0.9999936819076538	9.0	9.061840523828483	1535.6920418739319
33	1	2195	1	0.9948900938034058	19.0	9.161222118590198	1540.1692938804626
33	2	2165	1	0.9835411906242371	20.0	9.269609897404296	1544.5911557674408
33	3	2370	0	0.9999932050704956	17.0	9.346913798430252	1549.3854777812958
33	4	2165	1	0.9938220977783203	20.0	9.45344466044595	1553.7734687328339
33	5	2178	0	0.9999936819076538	19.0	9.54891021384149	1558.213527917862
33	6	2240	0	0.9999926090240479	19.0	9.643421111703073	1562.7421388626099
33	7	2217	0	0.9999936819076538	18.0	9.726986900586043	1567.2348437309265
33	8	2008	1	0.9938220977783203	21.0	9.839717031580184	1571.3249757289886
33	9	2197	0	0.9630914330482483	-16.0	9.581319861264381	1575.7899599075317
34	0	2466	0	0.999990701675415	16.0	9.645506662651737	1584.9738900661469
34	1	2356	0	0.999990701675415	14.0	9.68905159602522	1589.760252714157
34	2	2311	0	0.999990701675415	17.0	9.762161080064967	1594.4805250167847
34	3	2410	1	0.992138683795929	18.0	9.844539469264317	1599.3957839012146
34	4	2121	0	0.9999895095825195	19.0	9.936094074571674	1603.7362287044525
34	5	2475	0	0.999990701675415	14.0	9.976733133825958	1608.7462866306305
34	6	2009	1	0.9946123361587524	21.0	10.086965802487699	1612.8321669101715
34	7	2480	0	0.999990701675415	14.0	10.126096144462823	1617.8828048706055
34	8	2384	1	0.9934858679771423	17.0	10.194835183018194	1622.756228685379
34	9	2250	0	0.9999890327453613	17.0	10.26288683118801	1627.3588500022888
35	0	2136	1	0.9967100620269775	19.0	10.35025796287613	1635.9577090740204
35	1	2053	0	0.9999890327453613	21.0	10.45675538324737	1640.1816618442535
35	2	2159	0	0.9999890327453613	18.0	10.532187829414895	1644.581640958786
35	3	2538	0	0.9998929500579834	14.0	10.566865951120747	1649.737664937973
35	4	2351	1	0.9958170056343079	18.0	10.641197291609538	1654.5502970218658
35	5	2212	0	0.9999890327453613	18.0	10.714785318693442	1659.0736808776855
35	6	2081	0	0.9999902248382568	20.0	10.807637465506508	1663.2090768814087
35	7	2049	0	0.9999890327453613	21.0	10.909561090851444	1667.3165729045868
35	8	2468	0	0.9999890327453613	16.0	10.960465479942929	1672.273491859436
35	9	2199	1	0.9958170056343079	19.0	11.040860825143499	1676.6797428131104
36	0	2155	0	0.9999881982803345	18.0	11.110452216892064	1685.3356349468231
36	1	2599	0	0.9999886751174927	14.0	11.139347694723144	1690.658080816269
36	2	2606	0	0.9999886751174927	12.0	11.147954217775911	1695.9802088737488
36	3	2006	1	0.9973706007003784	21.0	11.246474675598153	1700.0918650627136
36	4	2139	1	0.9977681636810303	19.0	11.32400992884217	1704.4690606594086
36	5	2267	1	0.9966436624526978	17.0	11.380769829553747	1709.1628239154816
36	6	2257	1	0.9963615536689758	19.0	11.456962131258209	1713.848784685135
36	7	1840	0	0.6445649266242981	-16.0	11.182392509945627	1717.6419758796692
36	8	2829	1	0.9973706007003784	11.0	11.18056858484617	1723.5035209655762
36	9	2259	1	0.9963615536689758	19.0	11.258762898997709	1728.1387829780579
37	0	2276	0	0.9999902248382568	18.0	11.326175270007731	1736.9844999313354
37	1	3554	1	0.9976065158843994	6.0	11.272913517307654	1744.2791349887848
37	2	2413	0	0.9999889135360718	14.0	11.300184382134578	1749.1128277778625
37	3	3352	1	0.9976065158843994	10.0	11.287182538313232	1755.9727931022644
37	4	2194	1	0.9983054399490356	19.0	11.364310712930099	1760.474338054657
37	5	2613	1	0.9989140033721924	14.0	11.390667605800799	1765.8459079265594
37	6	2600	0	0.99998939037323	14.0	11.416760929742791	1771.074078798294
37	7	2068	1	0.9989140033721924	21.0	11.512593320445363	1775.2368817329407
37	8	2050	0	0.9999891519546509	21.0	11.607467387240911	1779.3650588989258
37	9	2009	1	0.9984093308448792	21.0	11.701392713368502	1783.4665257930756
38	0	2659	1	0.9988006353378296	16.0	11.744378786234817	1793.2180798053741
38	1	2296	1	0.9992764592170715	18.0	11.80693499837247	1797.9795110225677
38	2	2006	1	0.9988006353378296	21.0	11.898865648388746	1802.15332198143
38	3	2407	0	0.9999837875366211	16.0	11.939876991904859	1807.0876998901367
38	4	3204	0	0.999982476234436	7.0	11.890478221985811	1813.74462890625
38	5	2079	0	0.9999837875366211	20.0	11.971573439765953	1818.0420877933502
38	6	2323	1	0.9981153011322021	17.0	12.021857705368292	1822.863788843155
38	7	2201	1	0.9988006353378296	19.0	12.09163912831461	1827.3898286819458
38	8	2392	1	0.9988006353378296	17.0	12.140722737031464	1832.3200917243958
38	9	2092	0	0.9999853372573853	18.0	12.19931550966115	1836.6505868434906
39	0	2212	0	0.9999837875366211	18.0	12.257322354564538	1845.498153924942
39	1	3459	0	0.9999837875366211	5.0	12.184749131018894	1852.6207537651062
39	2	2046	0	0.9999821186065674	21.0	12.272901639708705	1856.85693693161
39	3	2190	1	0.999494194984436	21.0	12.360172623311618	1861.3902897834778
39	4	2340	0	0.9999858140945435	18.0	12.4165708970785	1866.2233679294586
39	5	2359	1	0.9990954399108887	16.0	12.452405188107715	1871.0608067512512
39	6	2795	1	0.9994370341300964	12.0	12.447881136226638	1876.8248989582062
39	7	2452	1	0.9991787075996399	15.0	12.473402324864372	1881.8851130008698
39	8	2051	0	0.9999858140945435	21.0	12.558668301615729	1886.1440739631653
39	9	2228	1	0.9994370341300964	20.0	12.63308161859957	1890.7594957351685
40	0	2103	1	0.9993224143981934	20.0	12.706750802413573	1899.341080904007
40	1	2891	0	0.9999887943267822	9.0	12.669683294389438	1905.3164567947388
40	2	2212	0	0.9999887943267822	18.0	12.722986461445544	1909.9104568958282
40	3	2009	1	0.9993353486061096	21.0	12.805756596831088	1914.0874559879303
40	4	2622	1	0.999077558517456	12.0	12.797699030862777	1919.47669506073
40	5	2053	0	0.999988317489624	21.0	12.87972204055415	1923.7196328639984
40	6	2386	1	0.998996913433075	17.0	12.920924820148608	1928.6692819595337
40	7	2232	1	0.998996913433075	18.0	12.971715571947122	1933.2640807628632
40	8	2205	1	0.9993224143981934	17.0	13.011998416227652	1937.8109338283539
40	9	2173	1	0.9993224143981934	18.0	13.061878432065376	1942.3270819187164
41	0	2243	0	0.9999918937683105	19.0	13.121259647744722	1951.2846970558167
41	1	2891	1	0.9989945292472839	13.0	13.120047051267276	1957.2603178024292
41	2	2011	1	0.9993333220481873	21.0	13.198846580754605	1961.4481389522552
41	3	2240	0	0.9999918937683105	19.0	13.256858114947057	1966.1011929512024
41	4	2137	1	0.9992830157279968	19.0	13.314289533797586	1970.533859014511
41	5	3267	0	0.9999929666519165	7.0	13.25114663845961	1977.291755914688
41	6	2524	1	0.998648464679718	15.0	13.268635172075015	1982.5301690101624
41	7	2287	1	0.9993333220481873	18.0	13.315948820354265	1987.285901069641
41	8	2327	1	0.9992830157279968	17.0	13.352789332150723	1992.1005580425262
41	9	3015	0	0.9999911785125732	9.0	13.309261438829216	1998.3301906585693
42	0	2103	1	0.99892657995224	20.0	13.376168824440922	2006.888296842575
42	1	2202	1	0.9992716908454895	19.0	13.432407136196513	2011.4892337322235
42	2	2360	0	0.9999948740005493	14.0	13.438083064834549	2016.4150400161743
42	3	2529	0	0.9999946355819702	16.0	13.463702234186204	2021.6993508338928
42	4	2797	0	0.9999946355819702	10.0	13.429065211844343	2027.4841558933258
42	5	2508	0	0.9999946355819702	13.0	13.4247745597259	2032.6760659217834
42	6	2236	1	0.9993269443511963	18.0	13.470526814128641	2037.318609714508
42	7	2914	0	0.9999955892562866	12.0	13.455821545987353	2043.3303937911987
42	8	2070	1	0.9992716908454895	21.0	13.53126333052748	2047.6636757850647
42	9	2069	1	0.9992716908454895	21.0	13.605950697222205	2051.9230818748474
43	0	2569	1	0.9994407296180725	12.0	13.589891190249983	2061.5167808532715
43	1	2083	0	0.999994158744812	20.0	13.653992278347483	2065.8743698596954
43	2	2427	1	0.9992730021476746	16.0	13.677452355564007	2070.8595650196075
43	3	3658	1	0.9995094537734985	8.0	13.620677832008367	2078.476345062256
43	4	2072	1	0.9994407296180725	21.0	13.694471053688284	2082.773500919342
43	5	2436	0	0.9999954700469971	15.0	13.707526343151402	2087.6390767097473
43	6	3371	0	0.9999954700469971	4.0	13.610451079719887	2094.364394903183
43	7	2137	1	0.999248206615448	19.0	13.664346568922687	2098.7054409980774
43	8	2339	0	0.9999954700469971	18.0	13.70770310323346	2103.6244180202484
43	9	2343	0	0.9999954700469971	16.0	13.730626072201124	2108.509323835373
44	0	2423	1	0.9994723200798035	16.0	13.753319811479113	2117.703549861908
44	1	2605	1	0.9996761083602905	16.0	13.775786613364321	2123.044487953186
44	2	2337	0	0.9999295473098755	18.0	13.818028747230677	2127.7206959724426
44	3	2052	0	0.9999939203262329	21.0	13.88984845975837	2131.827203989029
44	4	2569	0	0.9999943971633911	13.0	13.880949975160787	2136.9369728565216
44	5	2007	1	0.9996761083602905	21.0	13.95214047540918	2140.852781057358
44	6	2102	1	0.999581515789032	20.0	14.012619070655088	2144.945476770401
44	7	2537	1	0.9996761083602905	16.0	14.032492879948537	2149.978682756424
44	8	3002	0	0.9999943971633911	6.0	13.952167951149052	2155.982437849045
44	9	1987	0	0.9999939203262329	21.0	14.022646271637562	2159.971776008606
45	0	2596	0	0.999993085861206	14.0	14.022419808921187	2169.187029838562
45	1	2949	1	0.9996397495269775	8.0	13.962195610831975	2175.037061691284
45	2	2197	1	0.9993938207626343	19.0	14.012573654723655	2179.4211077690125
45	3	3451	1	0.9997801184654236	9.0	13.962447918176418	2186.248378753662
45	4	2236	1	0.9993656277656555	18.0	14.002823438994653	2190.7063179016113
45	5	3139	0	0.9999933242797852	7.0	13.932795204604707	2196.8611629009247
45	6	2153	0	0.999993085861206	18.0	13.97346725255866	2201.1963918209076
45	7	2705	1	0.9997801184654236	13.0	13.963732580033074	2206.653044939041
45	8	2413	0	0.9999933242797852	14.0	13.964095254232744	2211.5165407657623
45	9	2583	1	0.9997801184654236	15.0	13.974454301690416	2216.7322909832
46	0	2481	1	0.9997739195823669	16.0	13.994709758673512	2225.9967358112335
46	1	2086	0	0.9999921321868896	20.0	14.054762661086777	2230.1861050128937
46	2	1986	0	0.9999916553497314	21.0	14.12421503447591	2234.1847348213196
46	3	3186	0	0.9999927282333374	4.0	14.02297288413115	2240.5869629383087
46	4	2293	1	0.9996627569198608	18.0	14.062743155289837	2245.232142686844
46	5	2156	0	0.9999927282333374	18.0	14.102115723736938	2249.574376821518
46	6	2748	1	0.9992650151252747	12.0	14.081094566499567	2255.1311717033386
46	7	2119	0	0.9999927282333374	19.0	14.130283620834572	2259.4030599594116
46	8	2114	0	0.9999921321868896	19.0	14.178980784626225	2263.667021036148
46	9	2803	0	0.9999921321868896	10.0	14.137190976779962	2269.321443796158
47	0	2180	0	0.9999792575836182	19.0	14.185819067012162	2277.9358189105988
47	1	2073	1	0.9996272325515747	21.0	14.25396087634204	2282.110468864441
47	2	2155	0	0.9999948740005493	18.0	14.291421267578619	2286.459543943405
47	3	2137	1	0.999552309513092	19.0	14.338507054902832	2290.625730037689
47	4	2139	1	0.9990542531013489	19.0	14.385121984353804	2294.9627578258514
47	5	2843	0	0.9999948740005493	7.0	14.311270764510265	2300.6811640262604
47	6	1990	0	0.9999943971633911	21.0	14.378158056865164	2304.6909906864166
47	7	2049	0	0.9999948740005493	21.0	14.444376476296513	2308.8163130283356
47	8	2371	0	0.9999948740005493	17.0	14.469932711533549	2313.5966420173645
47	9	2470	1	0.9995367527008057	18.0	14.505233384418213	2318.5874528884888
48	0	2249	0	0.9999949932098389	17.0	14.530181050574031	2327.295940876007
48	1	2240	0	0.9999943971633911	19.0	14.57487924006829	2331.814670085907
48	2	2740	1	0.9992685914039612	12.0	14.549130447667606	2337.3467257022858
48	3	2928	1	0.9983572363853455	10.0	14.503639143190929	2343.2665967941284
48	4	2869	1	0.9995854496955872	5.0	14.40860275175902	2349.054662704468
48	5	2217	0	0.9999943971633911	18.0	14.44451672424143	2353.5292518138885
48	6	2619	0	0.9999948740005493	15.0	14.450071556999015	2358.8023068904877
48	7	2177	1	0.9995854496955872	18.0	14.485570841429025	2363.195638895035
48	8	2189	0	0.9999943971633911	17.0	14.510715133014735	2367.6292757987976
48	9	2916	0	0.9999949932098389	10.0	14.465607981684586	2373.504184961319
49	0	2103	1	0.999502420425415	20.0	14.52095190186774	2382.041380882263
49	1	2795	1	0.9996334314346313	14.0	14.515742382849062	2387.6287388801575
49	2	2199	1	0.9994410872459412	19.0	14.56058495902057	2392.0667638778687
49	3	2105	1	0.999502420425415	20.0	14.614979109430363	2396.3096528053284
49	4	3315	1	0.9994410872459412	6.0	14.52882931833606	2402.985345840454
49	5	2513	0	0.9999933242797852	13.0	14.5135410251527	2408.051200866699
49	6	2702	1	0.9990900754928589	13.0	14.498405614901174	2413.4981417655945
49	7	2550	1	0.999502420425415	9.0	14.443421558752162	2418.640555858612
49	8	2415	0	0.9999943971633911	14.0	14.43898734316464	2423.5365319252014
49	9	2913	0	0.9999943971633911	12.0	14.414597469732993	2429.401699066162
