0	0	1002	1	0.736563503742218	-21.0	-21.0	1.6110966205596924
0	1	1003	1	0.8336604237556458	-21.0	-21.0	3.1404647827148438
0	2	1127	1	0.6995161771774292	-21.0	-21.0	4.860341787338257
0	3	817	1	0.8677305579185486	-21.0	-21.0	6.107372999191284
0	4	1067	0	0.3114475905895233	-21.0	-21.0	7.756377696990967
0	5	877	0	0.7031817436218262	-21.0	-21.0	9.095289707183838
0	6	914	1	0.4927111566066742	-20.0	-20.99	10.491235733032227
0	7	878	0	0.5241685509681702	-21.0	-20.990099999999998	11.831959962844849
0	8	1059	0	0.3111177384853363	-21.0	-20.990199	13.446414709091187
0	9	914	1	0.486953467130661	-20.0	-20.98029701	14.828958749771118
1	0	1133	0	0.47690194845199585	-19.0	-20.960494039900002	20.176490783691406
1	1	1371	0	0.2886331081390381	-19.0	-20.940889099501003	22.220144748687744
1	2	978	1	0.7071257829666138	-20.0	-20.93148020850599	23.67813277244568
1	3	938	1	0.7157087922096252	-21.0	-20.932165406420932	25.086118698120117
1	4	1035	0	0.8553585410118103	-20.0	-20.922843752356723	26.64511466026306
1	5	1217	1	0.4440268576145172	-20.0	-20.913615314833155	28.477908849716187
1	6	1067	1	0.367151141166687	-19.0	-20.894479161684824	30.07693386077881
1	7	1125	1	0.8639646768569946	-21.0	-20.895534370067978	31.76660680770874
1	8	1212	1	0.716153085231781	-20.0	-20.886579026367297	33.58864784240723
1	9	818	0	0.19933488965034485	-21.0	-20.887713236103625	34.826103925704956
2	0	1127	1	0.5971046686172485	-19.0	-20.86883610374259	40.2047598361969
2	1	1002	1	0.838261604309082	-21.0	-20.870147742705168	41.74693489074707
2	2	944	1	0.8880611658096313	-21.0	-20.871446265278117	43.19425082206726
2	3	1072	1	0.7512774467468262	-19.0	-20.852731802625335	44.782201051712036
2	4	975	1	0.4286729693412781	-20.0	-20.844204484599082	46.229676961898804
2	5	1244	0	0.47094297409057617	-21.0	-20.84576243975309	48.10138273239136
2	6	1038	0	0.37876448035240173	-20.0	-20.83730481535556	49.67776083946228
2	7	820	1	0.8048644661903381	-21.0	-20.838931767202002	50.92207384109497
2	8	1472	1	0.7523203492164612	-18.0	-20.810542449529983	53.20259404182434
2	9	1128	0	0.4270327091217041	-19.0	-20.792437025034683	54.95617389678955
3	0	818	1	0.4599074721336365	-21.0	-20.794512654784338	59.828083753585815
3	1	1091	1	0.4054103493690491	-20.0	-20.786567528236493	61.48262071609497
3	2	1001	1	0.8568221926689148	-21.0	-20.788701852954127	63.011252880096436
3	3	941	1	0.46413755416870117	-21.0	-20.790814834424587	64.46606779098511
3	4	1068	0	0.4073384702205658	-19.0	-20.772906686080344	66.08412575721741
3	5	880	0	0.8730137944221497	-21.0	-20.77517761921954	67.4552309513092
3	6	977	1	0.6290178298950195	-20.0	-20.767425843027343	68.96747493743896
3	7	1279	1	0.6503536105155945	-20.0	-20.75975158459707	70.86466884613037
3	8	1354	1	0.6382390260696411	-16.0	-20.712154068751097	72.91609978675842
3	9	875	1	0.8306972980499268	-21.0	-20.71503252806359	74.23720073699951
4	0	1333	1	0.3890818655490875	-20.0	-20.70788220278295	79.9155650138855
4	1	1001	1	0.6367941498756409	-21.0	-20.710803380755124	81.419842004776
4	2	876	0	0.5979070663452148	-21.0	-20.713695346947574	82.749755859375
4	3	912	1	0.4608785808086395	-20.0	-20.706558393478097	84.13605284690857
4	4	1035	0	0.27714619040489197	-20.0	-20.699492809543315	85.69101166725159
4	5	912	1	0.9628176093101501	-20.0	-20.69249788144788	87.04191780090332
4	6	1001	1	0.80755615234375	-21.0	-20.695572902633405	88.53455781936646
4	7	1403	0	0.8910993337631226	-18.0	-20.66861717360707	90.67613983154297
4	8	821	1	0.7933213710784912	-21.0	-20.671931001871002	91.92387771606445
4	9	1157	0	0.4619242548942566	-20.0	-20.665211691852292	93.67152786254883
5	0	1397	1	0.44367074966430664	-20.0	-20.65855957493377	99.41085982322693
5	1	1426	1	0.5865576863288879	-21.0	-20.66197397918443	101.57855987548828
5	2	1280	1	0.41765105724334717	-20.0	-20.655354239392587	103.50679183006287
5	3	1506	0	0.4909002184867859	-17.0	-20.61880069699866	105.77565693855286
5	4	939	0	0.25718212127685547	-21.0	-20.622612690028674	107.20311880111694
5	5	1000	1	0.7105167508125305	-21.0	-20.62638656312839	108.7281756401062
5	6	1343	1	0.8049234747886658	-18.0	-20.600122697497103	110.82368183135986
5	7	1318	1	0.5838213562965393	-19.0	-20.58412147052213	112.83451390266418
5	8	1589	1	0.9376085996627808	-18.0	-20.55828025581691	115.22169971466064
5	9	1065	1	0.9127163290977478	-21.0	-20.562697453258743	116.82731676101685
6	0	1338	1	0.9197437763214111	-20.0	-20.557070478726153	122.55505585670471
6	1	1251	1	0.5128018260002136	-19.0	-20.54149977393889	124.45696091651917
6	2	1425	1	0.9277709722518921	-21.0	-20.546084776199503	126.60490274429321
6	3	1218	0	0.2557019293308258	-20.0	-20.54062392843751	128.48279190063477
6	4	1314	0	0.45793646574020386	-19.0	-20.525217689153134	130.5192768573761
6	5	1782	0	0.8652116060256958	-16.0	-20.479965512261604	133.2769057750702
6	6	1246	1	0.43506819009780884	-21.0	-20.485165857138988	135.15071201324463
6	7	1371	1	0.5939024090766907	-19.0	-20.4703141985676	137.20186066627502
6	8	884	0	0.5034967660903931	-21.0	-20.475611056581926	138.52379274368286
6	9	1373	1	0.6125966906547546	-19.0	-20.460854946016106	140.57387590408325
7	0	1609	0	0.29860207438468933	-21.0	-20.466246396555945	146.72212600708008
7	1	1195	0	0.7982260584831238	-19.0	-20.45158393259039	148.53215789794922
7	2	1526	1	0.8626334071159363	-20.0	-20.447068093264484	150.8332018852234
7	3	998	1	0.874072253704071	-21.0	-20.45259741233184	152.3377718925476
7	4	1592	0	0.9255801439285278	-18.0	-20.428071438208523	154.74963569641113
7	5	1280	0	0.3363369107246399	-20.0	-20.423790723826436	156.69661474227905
7	6	1339	0	0.5289558172225952	-20.0	-20.41955281658817	158.754558801651
7	7	1189	1	0.6823751330375671	-19.0	-20.405357288422287	160.54361486434937
7	8	1856	1	0.606828510761261	-21.0	-20.411303715538065	163.36430096626282
7	9	1699	1	0.8416048288345337	-20.0	-20.407190678382683	165.92813372612
8	0	1372	1	0.758013904094696	-19.0	-20.393118771598857	171.65860080718994
8	1	1510	1	0.6372296214103699	-15.0	-20.339187583882868	173.9503836631775
8	2	1253	1	0.498041570186615	-19.0	-20.32579570804404	175.88499665260315
8	3	1325	0	0.7863510847091675	-17.0	-20.2925377509636	177.87713479995728
8	4	1123	1	0.8404138684272766	-21.0	-20.299612373453964	179.5775978565216
8	5	1065	1	0.9535925984382629	-21.0	-20.306616249719426	181.1903898715973
8	6	1361	1	0.8474781513214111	-21.0	-20.313550087222232	183.2572078704834
8	7	1979	0	0.6623908877372742	-14.0	-20.25041458635001	186.25579285621643
8	8	1428	0	0.7039312720298767	-19.0	-20.237910440486512	188.48622488975525
8	9	1340	0	0.9738232493400574	-20.0	-20.235531336081646	190.5428228378296
9	0	1773	1	0.6270557641983032	-18.0	-20.21317602272083	196.87228798866272
9	1	1644	1	0.2855894863605499	-20.0	-20.211044262493623	199.3428008556366
9	2	1300	0	0.2885843813419342	-21.0	-20.21893381986869	201.28000378608704
9	3	2329	1	0.9481130242347717	-14.0	-20.156744481670003	204.7725727558136
9	4	2033	1	0.7079915404319763	-14.0	-20.095177036853304	207.8463659286499
9	5	1735	0	0.19463317096233368	-19.0	-20.084225266484772	210.46759176254272
9	6	1467	1	0.7351699471473694	-20.0	-20.083383013819923	212.66389989852905
9	7	2007	1	0.9573757648468018	-15.0	-20.03254918368172	215.69097900390625
9	8	1523	1	0.57160884141922	-20.0	-20.0322236918449	218.01935362815857
9	9	1927	1	0.6541347503662109	-17.0	-20.001901454926454	220.94204783439636
10	0	1151	1	0.1604679673910141	-20.0	-20.001882440377187	226.4835786819458
10	1	1718	1	0.8882161378860474	-18.0	-19.981863615973413	229.06836771965027
10	2	2002	0	0.8438892960548401	-13.0	-19.91204497981368	232.07558870315552
10	3	2014	1	0.9488321542739868	-20.0	-19.91292453001554	235.11611676216125
10	4	2138	0	0.4291151463985443	-11.0	-19.823795284715384	238.3625729084015
10	5	1409	0	0.4575519263744354	-18.0	-19.80555733186823	240.50021600723267
10	6	1366	1	0.9057888984680176	-21.0	-19.817501758549547	242.57962799072266
10	7	1764	0	0.5701951384544373	-18.0	-19.79932674096405	245.28713083267212
10	8	1496	0	0.02533772774040699	-19.0	-19.791333473554413	247.59481978416443
10	9	1528	1	0.5192763805389404	-20.0	-19.793420138818867	249.90893483161926
11	0	1594	0	0.509337306022644	-18.0	-19.775485937430677	256.1277370452881
11	1	1596	0	0.13452287018299103	-18.0	-19.75773107805637	258.56485176086426
11	2	1733	0	0.36380916833877563	-19.0	-19.75015376727581	261.1246178150177
11	3	1490	0	0.43262365460395813	-19.0	-19.742652229603053	263.3729908466339
11	4	1699	1	0.9024977087974548	-15.0	-19.69522570730702	265.95426082611084
11	5	1427	1	0.6675931215286255	-21.0	-19.70827345023395	268.1554708480835
11	6	1684	0	0.42308998107910156	-17.0	-19.681190715731613	270.7139587402344
11	7	1506	1	0.8114349246025085	-17.0	-19.6543788085743	272.9301698207855
11	8	1896	0	0.7007709741592407	-18.0	-19.637835020488556	275.77649879455566
11	9	2117	1	0.1957666575908661	-13.0	-19.57145667028367	278.987206697464
12	0	1405	0	0.985072672367096	-18.0	-19.555742103580833	284.78948497772217
12	1	1824	1	0.9904155731201172	-15.0	-19.510184682545024	287.5424818992615
12	2	1560	1	0.9846822023391724	-19.0	-19.505082835719573	289.8825557231903
12	3	1592	1	0.7870107293128967	-18.0	-19.490032007362377	292.25820899009705
12	4	1943	0	0.9432240128517151	-20.0	-19.49513168728875	295.1958978176117
12	5	1871	1	0.26828134059906006	-17.0	-19.470180370415864	297.9888617992401
12	6	1685	1	0.3248015344142914	-17.0	-19.445478566711706	300.5481536388397
12	7	2088	1	0.08004360646009445	-16.0	-19.41102378104459	303.7233326435089
12	8	1589	1	0.8211690187454224	-18.0	-19.396913543234145	306.1171488761902
12	9	1913	0	0.4103863537311554	-14.0	-19.342944407801806	309.095871925354
13	0	1988	0	0.7416735291481018	-12.0	-19.26951496372379	315.8407778739929
13	1	2219	0	0.7080008387565613	-14.0	-19.216819814086552	319.1261308193207
13	2	1654	1	0.9463462233543396	-16.0	-19.184651615945686	321.5995488166809
13	3	1652	1	0.979259729385376	-18.0	-19.172805099786228	324.0637149810791
13	4	1695	1	0.5239862203598022	-17.0	-19.151077048788366	326.5954649448395
13	5	1376	0	0.14153781533241272	-21.0	-19.169566278300483	328.6723048686981
13	6	1631	0	0.47601374983787537	-15.0	-19.127870615517477	331.1175549030304
13	7	2012	1	0.826452910900116	-11.0	-19.046591909362302	334.142297744751
13	8	2027	0	0.9884435534477234	-16.0	-19.01612599026868	337.23337984085083
13	9	2063	1	0.7948472499847412	-17.0	-18.995964730365994	340.3738958835602
14	0	2168	1	0.5031294226646423	-12.0	-18.926005083062336	347.3609228134155
14	1	1996	0	0.9230146408081055	-15.0	-18.886745032231712	350.40929985046387
14	2	1431	1	0.32404571771621704	-21.0	-18.907877581909396	352.60135078430176
14	3	2337	0	0.402301162481308	-14.0	-18.858798806090302	356.25572872161865
14	4	2420	1	0.8873980045318604	-10.0	-18.7702108180294	359.9574546813965
14	5	2410	1	0.8268890976905823	-12.0	-18.70250870984911	363.6745448112488
14	6	1529	1	0.47320249676704407	-18.0	-18.69548362275062	366.05112290382385
14	7	1650	1	0.9675348997116089	-18.0	-18.68852878652311	368.649808883667
14	8	2293	1	0.3374326527118683	-12.0	-18.621643498657882	372.17314887046814
14	9	2222	0	0.8610233664512634	-14.0	-18.575427063671302	375.5863218307495
15	0	2398	1	0.387003630399704	-12.0	-18.50967279303459	382.9267258644104
15	1	1958	0	0.9294719696044922	-16.0	-18.484576065104243	385.89216566085815
15	2	2227	1	0.14472568035125732	-12.0	-18.4197303044532	389.2809886932373
15	3	1679	0	0.8922288417816162	-19.0	-18.42553300140867	391.876482963562
15	4	2149	1	0.7472676634788513	-11.0	-18.351277671394584	395.1665618419647
15	5	2188	1	0.7336985468864441	-15.0	-18.317764894680636	398.51729679107666
15	6	1801	1	0.6059330701828003	-17.0	-18.30458724573383	401.29001474380493
15	7	2663	0	0.36351025104522705	-10.0	-18.221541373276494	405.3079626560211
15	8	2095	1	0.9214677214622498	-14.0	-18.17932595954373	408.50146770477295
15	9	3138	0	0.2556016743183136	-10.0	-18.097532699948292	413.3162338733673
16	0	2350	0	0.7393844723701477	-12.0	-18.03655737294881	420.6837990283966
16	1	2833	0	0.44675976037979126	-7.0	-17.92619179921932	424.93673276901245
16	2	2978	1	0.8472062945365906	-8.0	-17.826929881227127	429.44978404045105
16	3	2788	1	0.9081765413284302	-10.0	-17.748660582414857	433.6648688316345
16	4	2906	1	0.7420568466186523	-10.0	-17.67117397659071	438.0447669029236
16	5	1691	0	0.5109008550643921	-17.0	-17.664462236824804	440.6347887516022
16	6	1619	1	0.8527593016624451	-17.0	-17.657817614456558	443.09929490089417
16	7	1652	0	0.8030542135238647	-18.0	-17.66123943831199	445.6199188232422
16	8	2078	1	0.45966023206710815	-13.0	-17.61462704392887	448.8099229335785
16	9	2553	0	0.6734750866889954	-13.0	-17.56848077348958	452.65742468833923
17	0	1968	1	0.9555000066757202	-16.0	-17.552795965754683	459.52142882347107
17	1	2109	1	0.8415652513504028	-12.0	-17.497268006097137	462.6758089065552
17	2	2213	0	0.23253090679645538	-9.0	-17.412295326036165	466.0117197036743
17	3	1996	0	0.6027359366416931	-17.0	-17.408172372775805	469.0397469997406
17	4	2282	0	0.5055772662162781	-12.0	-17.354090649048047	472.449423789978
17	5	1526	1	0.8098849654197693	-20.0	-17.380549742557566	474.7442626953125
17	6	2117	0	0.5255324244499207	-17.0	-17.37674424513199	477.971853017807
17	7	2781	1	0.744090735912323	-5.0	-17.25297680268067	482.19068479537964
17	8	1618	1	0.9951497912406921	-19.0	-17.270447034653866	484.6608109474182
17	9	1983	0	0.7697936296463013	-12.0	-17.21774256430733	487.7257080078125
18	0	2301	0	0.5665006041526794	-8.0	-17.125565138664253	494.90328907966614
18	1	2129	1	0.8856792449951172	-13.0	-17.08430948727761	498.1191418170929
18	2	2159	1	0.5169545412063599	-14.0	-17.053466392404836	501.37448287010193
18	3	2318	1	0.9345194101333618	-11.0	-16.992931728480787	504.889093875885
18	4	2865	1	0.925471842288971	-8.0	-16.903002411195978	509.24878692626953
18	5	2453	1	0.4252384901046753	-9.0	-16.823972387084016	513.0204107761383
18	6	2482	1	0.8601623773574829	-10.0	-16.755732663213177	516.7762758731842
18	7	2267	1	0.858428955078125	-9.0	-16.678175336581045	520.2751188278198
18	8	2205	1	0.3668764531612396	-11.0	-16.621393583215234	523.6608748435974
18	9	2429	1	0.36948561668395996	-15.0	-16.60517964738308	527.3568120002747
19	0	1958	1	0.9010443687438965	-11.0	-16.549127850909247	534.149721622467
19	1	2284	0	0.9589831233024597	-12.0	-16.503636572400154	537.5979278087616
19	2	2843	1	0.22967946529388428	-10.0	-16.438600206676153	541.8782918453217
19	3	2966	1	0.9734432101249695	2.0	-16.25421420460939	546.3815598487854
19	4	2045	1	0.5233747959136963	-12.0	-16.2116720625633	549.5364158153534
19	5	1739	1	0.5646201372146606	-12.0	-16.169555341937667	552.1649918556213
19	6	3375	1	0.6580981016159058	1.0	-15.997859788518289	557.2856409549713
19	7	2916	0	0.783561110496521	-8.0	-15.917881190633105	561.7706899642944
19	8	2283	0	0.7540417313575745	-12.0	-15.878702378726773	565.2848358154297
19	9	2216	1	0.7804650068283081	-14.0	-15.859915354939506	568.723495721817
20	0	2944	0	0.8421580195426941	-2.0	-15.72131620139011	577.0506868362427
20	1	2477	1	0.4334271550178528	11.0	-15.454103039376209	580.8464257717133
20	2	2039	0	0.8575461506843567	-14.0	-15.439562008982447	583.9237260818481
20	3	2428	0	0.9741089344024658	-8.0	-15.365166388892623	587.581218957901
20	4	3270	1	0.30286189913749695	-3.0	-15.241514725003697	592.526823759079
20	5	3068	0	0.7366730570793152	-7.0	-15.15909957775366	597.1924216747284
20	6	2629	1	0.7520608901977539	-11.0	-15.117508581976121	601.2348730564117
20	7	2457	1	0.7816787362098694	-14.0	-15.106333496156362	604.9296267032623
20	8	2574	1	0.5136789083480835	-9.0	-15.045270161194798	608.8629307746887
20	9	2536	0	0.742290735244751	-12.0	-15.014817459582849	612.6939430236816
21	0	2920	0	0.3805098235607147	7.0	-14.79466928498702	620.9087197780609
21	1	2918	1	0.6194901466369629	7.0	-14.576722592137148	625.4010848999023
21	2	2290	1	0.7877810001373291	-10.0	-14.530955366215776	628.8539698123932
21	3	2678	1	0.13302598893642426	-6.0	-14.44564581255362	632.9087958335876
21	4	2527	0	0.9962003827095032	-7.0	-14.371189354428084	636.7205867767334
21	5	2420	0	0.6450434327125549	-10.0	-14.327477460883802	640.420646905899
21	6	2416	1	0.9355447888374329	-10.0	-14.284202686274964	644.1042768955231
21	7	2919	0	0.8024816513061523	-6.0	-14.201360659412215	648.5676648616791
21	8	2797	1	0.6182115077972412	7.0	-13.989347052818092	652.8533668518066
21	9	3117	0	0.9729358553886414	-2.0	-13.86945358228991	657.7868318557739
22	0	3197	0	0.9689010977745056	6.0	-13.67075904646701	666.4454958438873
22	1	3635	1	0.2893959879875183	-1.0	-13.54405145600234	672.0097138881683
22	2	3060	0	0.9814871549606323	-2.0	-13.428610941442315	676.7509009838104
22	3	2601	1	0.9887173175811768	-10.0	-13.394324832027891	680.6787269115448
22	4	3037	1	0.8705024123191833	-1.0	-13.270381583707612	685.3052589893341
22	5	3167	1	0.9893844723701477	-1.0	-13.147677767870537	690.1251828670502
22	6	2127	0	0.7737032771110535	-13.0	-13.146200990191833	693.3903059959412
22	7	3001	0	0.17966975271701813	-2.0	-13.034738980289914	697.9736759662628
22	8	3155	1	0.9784808158874512	2.0	-12.884391590487015	702.779177904129
22	9	2920	0	0.17722031474113464	-6.0	-12.815547674582145	707.2446708679199
23	0	2581	0	0.2564500868320465	-7.0	-12.757392197836324	715.0401978492737
23	1	2737	0	0.9985664486885071	-6.0	-12.689818275857961	719.2081558704376
23	2	2873	0	0.9677538275718689	-2.0	-12.58292009309938	723.5849487781525
23	3	2867	0	0.6396792531013489	-4.0	-12.497090892168385	727.969703912735
23	4	2700	0	0.3337037265300751	-2.0	-12.392119983246701	732.0655479431152
23	5	2615	0	0.9855594635009766	-6.0	-12.328198783414235	735.9850437641144
23	6	2754	1	0.9329854846000671	3.0	-12.174916795580094	740.1668548583984
23	7	3393	0	0.8497937321662903	2.0	-12.033167627624293	745.2998147010803
23	8	3279	1	0.9755799174308777	2.0	-11.89283595134805	750.3034298419952
23	9	3308	1	0.43685126304626465	1.0	-11.76390759183457	755.2895247936249
24	0	2614	0	0.9827427864074707	-8.0	-11.726268515916225	763.1677157878876
24	1	2637	1	0.9988019466400146	-9.0	-11.699005830757063	767.1718938350677
24	2	3032	1	0.9687313437461853	-8.0	-11.662015772449491	771.7426958084106
24	3	2611	1	0.45835256576538086	-6.0	-11.605395614724996	775.684675693512
24	4	3178	1	0.7678462266921997	3.0	-11.459341658577747	780.5058019161224
24	5	3184	0	0.7880144715309143	3.0	-11.314748241991971	785.3046436309814
24	6	2035	1	0.8320149183273315	-14.0	-11.341600759572051	788.414333820343
24	7	3106	0	0.41562536358833313	-4.0	-11.26818475197633	793.1585338115692
24	8	2555	0	0.5119343996047974	-6.0	-11.215502904456567	797.040210723877
24	9	2547	0	0.9528473615646362	-8.0	-11.183347875412002	800.9161548614502
25	0	2950	1	0.8442452549934387	-5.0	-11.121514396657883	809.229367017746
25	1	2803	1	0.6705397367477417	-6.0	-11.070299252691305	813.5448858737946
25	2	2641	0	0.2593425214290619	-7.0	-11.029596260164391	817.6100919246674
25	3	2870	1	0.8291597962379456	-4.0	-10.959300297562747	821.9418458938599
25	4	2647	0	0.9961712956428528	6.0	-10.789707294587119	825.9135727882385
25	5	3405	0	0.6440988183021545	-1.0	-10.691810221641248	831.0772316455841
25	6	2494	1	0.9651793241500854	-6.0	-10.644892119424835	834.8496477603912
25	7	2053	1	0.9831467270851135	-17.0	-10.708443198230587	837.958479642868
25	8	3143	0	0.7132202982902527	-3.0	-10.63135876624828	842.727897644043
25	9	3341	1	0.842362105846405	2.0	-10.505045178585798	847.8354868888855
26	0	2453	0	0.8442121744155884	-9.0	-10.489994726799939	855.3956258296967
26	1	2614	1	0.9507964253425598	-6.0	-10.44509477953194	859.3303368091583
26	2	2946	0	0.978234589099884	1.0	-10.330643831736621	863.7805738449097
26	3	3001	0	0.9160611033439636	-4.0	-10.267337393419254	868.3367819786072
26	4	3113	1	0.9342994093894958	5.0	-10.11466401948506	873.0765748023987
26	5	2807	1	0.36179688572883606	-4.0	-10.05351737929021	877.313628911972
26	6	3122	0	0.5925151109695435	3.0	-9.922982205497307	882.10236287117
26	7	3030	1	0.8453576564788818	-3.0	-9.853752383442334	886.7410218715668
26	8	2477	0	0.6382030844688416	-10.0	-9.85521485960791	890.5402460098267
26	9	2667	0	0.998023509979248	7.0	-9.68666271101183	894.6598098278046
27	0	3014	0	0.8117535710334778	-5.0	-9.639796083901713	903.1254858970642
27	1	2823	1	0.9609910249710083	-7.0	-9.613398123062696	907.3927018642426
27	2	2610	0	0.9933337569236755	7.0	-9.447264141832068	911.3668217658997
27	3	2448	1	0.5618150234222412	-9.0	-9.442791500413747	915.0420887470245
27	4	2940	1	0.6219158172607422	-2.0	-9.36836358540961	919.5445518493652
27	5	2954	1	0.7379285097122192	-3.0	-9.304679949555512	924.0699429512024
27	6	3018	0	0.5918500423431396	4.0	-9.171633150059957	928.6719968318939
27	7	2298	0	0.902978777885437	-8.0	-9.159916818559358	932.2046978473663
27	8	2786	0	0.7287979125976562	-8.0	-9.148317650373764	936.5073418617249
27	9	2993	1	0.9685720801353455	-4.0	-9.096834473870025	941.1489410400391
28	0	2164	0	0.5790430903434753	-12.0	-9.125866129131325	948.2819268703461
28	1	3115	1	0.8488229513168335	-2.0	-9.054607467840011	953.0273058414459
28	2	3113	0	0.4870014488697052	-2.0	-8.98406139316161	957.7051019668579
28	3	2393	0	0.7894848585128784	-9.0	-8.984220779229995	961.3242149353027
28	4	2599	1	0.9929187893867493	9.0	-8.804378571437695	965.273265838623
28	5	2839	0	0.9946221113204956	4.0	-8.676334785723318	969.6269319057465
28	6	2863	0	0.9946221113204956	5.0	-8.539571437866083	973.9733078479767
28	7	3196	0	0.9937427639961243	1.0	-8.444175723487422	978.8187236785889
28	8	2700	0	0.9849661588668823	8.0	-8.279733966252548	982.9154517650604
28	9	2763	0	0.5718080401420593	6.0	-8.136936626590023	987.1484847068787
29	0	2942	0	0.6666611433029175	-2.0	-8.075567260324123	995.4511818885803
29	1	2643	0	0.9977253079414368	6.0	-7.934811587720882	999.5189228057861
29	2	2642	1	0.5557132959365845	-7.0	-7.925463471843673	1003.541063785553
29	3	2983	0	0.584036111831665	5.0	-7.796208837125237	1008.0513608455658
29	4	2772	0	0.9977732300758362	6.0	-7.658246748753984	1012.2521467208862
29	5	3390	1	0.8312202095985413	2.0	-7.561664281266445	1017.401294708252
29	6	2533	0	0.9952470660209656	11.0	-7.37604763845378	1021.2502808570862
29	7	2919	1	0.9343948364257812	-6.0	-7.362287162069242	1025.7224478721619
29	8	2924	0	0.9952470660209656	5.0	-7.23866429044855	1030.286958694458
29	9	2302	0	0.7484217882156372	-8.0	-7.246277647544064	1033.8055379390717
30	0	2639	1	0.8231151700019836	8.0	-7.093814871068623	1041.7918798923492
30	1	3066	0	0.9524377584457397	1.0	-7.0128767223579365	1046.4650506973267
30	2	2991	1	0.8784780502319336	5.0	-6.892747955134357	1051.625436782837
30	3	2999	1	0.5068714618682861	-2.0	-6.843820475583013	1056.1775488853455
30	4	2379	1	0.9113472700119019	14.0	-6.635382270827183	1059.8015418052673
30	5	3000	0	0.9711295366287231	3.0	-6.539028448118911	1064.3147509098053
30	6	3297	1	0.977532684803009	3.0	-6.443638163637721	1069.3825850486755
30	7	3122	1	0.6839135885238647	-2.0	-6.399201782001343	1074.178633928299
30	8	2419	0	0.9961215853691101	9.0	-6.24520976418133	1077.8487508296967
30	9	2960	1	0.9834749698638916	4.0	-6.1427576665395165	1082.367057800293
31	0	2814	1	0.9893626570701599	3.0	-6.051330089874121	1090.5933067798615
31	1	3237	1	0.19810079038143158	3.0	-5.96081678897538	1095.527864933014
31	2	3076	1	0.9510602355003357	-5.0	-5.951208621085626	1100.2146489620209
31	3	3023	1	0.653846025466919	-3.0	-5.92169653487477	1104.7084510326385
31	4	3088	0	0.5218756794929504	2.0	-5.842479569526023	1109.3796348571777
31	5	1565	0	0.40839675068855286	-17.0	-5.954054773830762	1111.782194852829
31	6	3216	1	0.4216599762439728	-1.0	-5.904514226092455	1116.7372868061066
31	7	1948	0	0.9348427653312683	-13.0	-5.9754690838315305	1119.75839304924
31	8	3009	1	0.9772369861602783	6.0	-5.855714392993216	1124.370309829712
31	9	3029	0	0.3960932493209839	-1.0	-5.807157249063283	1129.0748987197876
32	0	2750	0	0.9988754391670227	3.0	-5.71908567657265	1137.1120178699493
32	1	2642	0	0.997742772102356	6.0	-5.601894819806924	1141.0515036582947
32	2	2857	1	0.725238561630249	7.0	-5.475875871608855	1145.3821139335632
32	3	3064	1	0.8989785313606262	1.0	-5.411117112892766	1150.020314693451
32	4	2612	0	0.9988754391670227	7.0	-5.287005941763838	1153.9714579582214
32	5	3229	0	0.9989846348762512	5.0	-5.1841358823462	1158.8503937721252
32	6	3079	0	0.9989846348762512	4.0	-5.092294523522738	1163.5445048809052
32	7	2932	0	0.9988754391670227	3.0	-5.01137157828751	1168.0197570323944
32	8	3018	1	0.9918551445007324	4.0	-4.921257862504635	1172.5887258052826
32	9	2855	1	0.9837178587913513	7.0	-4.802045283879588	1176.9192008972168
33	0	2158	1	0.8014430403709412	-14.0	-4.894024831040792	1184.0302987098694
33	1	2739	0	0.7138921022415161	5.0	-4.795084582730384	1188.1536588668823
33	2	2359	0	0.4415462017059326	-10.0	-4.84713373690308	1191.7058176994324
33	3	2629	1	0.061509206891059875	10.0	-4.69866239953405	1195.695452928543
33	4	2990	0	0.9994440674781799	3.0	-4.6216757755387095	1200.211033821106
33	5	3072	1	0.9946275353431702	4.0	-4.535459017783323	1204.8594779968262
33	6	2679	1	0.6546071767807007	-4.0	-4.530104427605489	1208.9873268604279
33	7	1410	0	0.8971471190452576	-18.0	-4.664803383329434	1211.1717658042908
33	8	2634	0	0.9993138313293457	8.0	-4.538155349496139	1215.2536978721619
33	9	2665	0	0.728719174861908	-10.0	-4.592773796001177	1219.3711726665497
34	0	2855	0	0.1911240518093109	7.0	-4.476846058041165	1227.5395617485046
34	1	2805	1	0.999954342842102	5.0	-4.3820775974607535	1231.749434709549
34	2	2615	1	0.8968608975410461	7.0	-4.268256821486146	1235.703008890152
34	3	2905	1	0.9491956830024719	2.0	-4.205574253271284	1240.1073620319366
34	4	2852	0	0.9995228052139282	7.0	-4.093518510738571	1244.400382757187
34	5	2509	1	0.9999630451202393	8.0	-3.9725833256311853	1248.1622269153595
34	6	3667	1	0.9076452255249023	1.0	-3.922857492374874	1253.8477790355682
34	7	3116	0	0.9995228052139282	3.0	-3.8536289174511253	1258.5543258190155
34	8	2685	1	0.9365379810333252	12.0	-3.695092628276614	1262.6543526649475
34	9	2520	0	0.24717509746551514	-7.0	-3.728141701993848	1266.4785788059235
35	0	3115	0	0.9994412064552307	3.0	-3.6608602849739094	1275.0961139202118
35	1	3136	1	0.9995934367179871	4.0	-3.58425168212417	1279.8449149131775
35	2	3141	1	0.6673258543014526	-3.0	-3.578409165302928	1284.6788659095764
35	3	2255	1	0.7484766840934753	-11.0	-3.6526250736498986	1288.100618839264
35	4	2625	1	0.9975590705871582	12.0	-3.4960988229133996	1292.0646436214447
35	5	2880	0	0.7526150941848755	8.0	-3.3811378346842655	1296.4267978668213
35	6	3021	0	0.8505700826644897	-3.0	-3.3773264563374226	1301.0502948760986
35	7	2858	1	0.9442495107650757	-8.0	-3.4235531917740483	1305.4299666881561
35	8	3495	0	0.3431342542171478	-2.0	-3.409317659856308	1310.7814638614655
35	9	3152	1	0.9074339270591736	2.0	-3.3552244832577447	1315.5912427902222
36	0	2363	1	0.9878627061843872	16.0	-3.161672238425167	1323.19500374794
36	1	2797	1	0.8880095481872559	-6.0	-3.1900555160409154	1327.4384577274323
36	2	3661	0	0.9907558560371399	-4.0	-3.1981549608805064	1333.044174671173
36	3	2606	1	0.997322142124176	9.0	-3.0761734112717014	1336.9838819503784
36	4	2989	0	0.9997037053108215	3.0	-3.0154116771589847	1341.545100927353
36	5	3014	0	0.999200165271759	6.0	-2.925257560387395	1346.1052060127258
36	6	3239	0	0.999200165271759	3.0	-2.866004984783521	1351.0576808452606
36	7	2822	0	0.8009493947029114	-5.0	-2.887344934935686	1355.3698558807373
36	8	2656	1	0.9970510005950928	11.0	-2.7484714855863293	1359.4848918914795
36	9	2760	1	0.9599819183349609	-12.0	-2.840986770730466	1363.763974905014
37	0	2964	1	0.9955963492393494	9.0	-2.7225769030231617	1372.1462109088898
37	1	2718	1	0.9819443225860596	11.0	-2.5853511339929303	1376.3004999160767
37	2	2725	0	0.9997691512107849	9.0	-2.469497622653001	1380.5090386867523
37	3	2920	0	0.9997691512107849	5.0	-2.3948026464264713	1385.0038437843323
37	4	3154	1	0.8818541169166565	7.0	-2.3008546199622066	1389.8469350337982
37	5	3345	1	0.9819443225860596	5.0	-2.227846073762585	1394.9568228721619
37	6	2473	0	0.9996975660324097	9.0	-2.115567613024959	1398.7329840660095
37	7	2629	0	0.9994032382965088	10.0	-1.9944119368947093	1402.8144538402557
37	8	2296	1	0.9955963492393494	18.0	-1.7944678175257622	1406.395281791687
37	9	2781	1	0.9907985925674438	9.0	-1.6865231393505045	1410.7394030094147
38	0	2799	0	0.9997350573539734	5.0	-1.6196579079569993	1418.9386868476868
38	1	3286	0	0.012506689876317978	5.0	-1.5534613288774293	1423.9710438251495
38	2	2778	1	0.9937280416488647	11.0	-1.4279267155886548	1428.1892669200897
38	3	2848	1	0.9737336039543152	9.0	-1.3236474484327683	1432.5009768009186
38	4	2760	1	0.9874933362007141	15.0	-1.1604109739484407	1436.6658248901367
38	5	3092	0	0.9994760155677795	2.0	-1.1288068642089564	1441.3191878795624
38	6	2965	1	0.9874933362007141	2.0	-1.0975187955668668	1445.8418788909912
38	7	2891	0	0.9994760155677795	6.0	-1.026543607611198	1450.256561756134
38	8	2796	0	0.974670946598053	5.0	-0.9662781715350859	1454.4908509254456
38	9	2788	0	0.9997350573539734	7.0	-0.8866153898197351	1458.7286026477814
39	0	2854	0	0.9998472929000854	7.0	-0.8077492359215377	1466.8954679965973
39	1	2208	1	0.9925047159194946	17.0	-0.6296717435623223	1470.2672979831696
39	2	2162	1	0.9925047159194946	20.0	-0.42337502612669903	1473.6022310256958
39	3	2240	0	0.5933282971382141	16.0	-0.259141275865432	1477.0539329051971
39	4	2200	1	0.9920146465301514	19.0	-0.06654986310677768	1480.4810018539429
39	5	2010	1	0.9925047159194946	21.0	0.14411563552429008	1483.5169007778168
39	6	3283	0	0.9352698922157288	7.0	0.2126744791690472	1488.607566833496
39	7	3241	0	0.9652413725852966	-2.0	0.19054773437735673	1493.5541470050812
39	8	2591	1	0.9925047159194946	13.0	0.3186422570335832	1497.5419209003448
39	9	2656	1	0.9925047159194946	13.0	0.4454558344632473	1501.5717828273773
40	0	3054	1	0.9735206961631775	3.0	0.47100127611861486	1510.0203998088837
40	1	2263	1	0.9735206961631775	19.0	0.6562912633574287	1513.425125837326
40	2	3144	0	0.9996283054351807	4.0	0.6897283507238544	1518.1763849258423
40	3	2234	1	0.9901646971702576	18.0	0.862831067216616	1521.5545988082886
40	4	2721	1	0.9901646971702576	9.0	0.9442027565444497	1525.6500508785248
40	5	2969	0	0.9996283054351807	2.0	0.9547607289790052	1530.1344299316406
40	6	2600	0	0.9998103976249695	9.0	1.035213121689215	1534.1023898124695
40	7	3215	0	0.9659265875816345	-1.0	1.014860990472323	1539.0290858745575
40	8	3203	0	0.9876078963279724	4.0	1.0447123805675997	1543.862459897995
40	9	3314	1	0.9901646971702576	6.0	1.0942652567619238	1548.901427745819
41	0	2233	1	0.960760772228241	18.0	1.2633226041943044	1556.1588428020477
41	1	2936	0	0.9997501969337463	8.0	1.3306893781523614	1560.6154148578644
41	2	2882	0	0.9998375177383423	8.0	1.3973824843708378	1565.0175936222076
41	3	3200	1	0.9708484411239624	4.0	1.4234086595271294	1569.9023268222809
41	4	2789	1	0.9993320107460022	7.0	1.4791745729318582	1574.1112596988678
41	5	3361	1	0.9903813004493713	3.0	1.4943828272025397	1579.1798658370972
41	6	2467	1	0.9943747520446777	13.0	1.6094389989305142	1582.963470697403
41	7	2858	1	0.8564718961715698	-4.0	1.553344608941209	1587.2949018478394
41	8	2671	0	0.9995296001434326	7.0	1.607811162851797	1591.3065316677094
41	9	2404	0	0.999556839466095	11.0	1.7017330512232791	1594.899513721466
42	0	2946	0	0.8207074999809265	-5.0	1.6347157207110463	1603.2092669010162
42	1	2141	0	0.02252056449651718	19.0	1.8083685635039357	1606.4184696674347
42	2	2140	1	0.9774793982505798	19.0	1.9802848778688962	1609.6501338481903
42	3	2501	0	0.9997571110725403	10.0	2.060482029090207	1613.440290927887
42	4	2823	0	0.9998507499694824	6.0	2.099877208799305	1617.7156028747559
42	5	2947	0	0.9995610117912292	6.0	2.138878436711312	1622.0813417434692
42	6	2908	0	0.999591052532196	7.0	2.187489652344199	1626.4140257835388
42	7	2136	1	0.9940019249916077	19.0	2.3556147558207567	1629.723759651184
42	8	2460	1	0.9940019249916077	15.0	2.482058608262549	1633.516884803772
42	9	2912	0	0.9995610117912292	7.0	2.5272380221799233	1637.9603567123413
43	0	2685	1	0.9808235168457031	10.0	2.6019656419581243	1645.7793216705322
43	1	2634	0	0.9998149275779724	8.0	2.655945985538543	1649.737280845642
43	2	3093	1	0.9946428537368774	2.0	2.6493865256831577	1654.414170742035
43	3	2854	0	0.999452531337738	7.0	2.692892660426326	1658.7317969799042
43	4	2136	1	0.9940677881240845	19.0	2.8559637338220627	1661.9303920269012
43	5	3028	1	0.9940677881240845	9.0	2.9174040964838417	1666.4926629066467
43	6	2415	0	0.9995027780532837	9.0	2.978230055519003	1670.1559159755707
43	7	2261	1	0.9940677881240845	19.0	3.138447754963813	1673.5322768688202
43	8	2702	1	0.6458683609962463	15.0	3.257063277414175	1677.5881099700928
43	9	3045	0	0.9968101382255554	5.0	3.274492644640033	1682.2015738487244
44	0	2594	1	0.9947476983070374	11.0	3.3517477181936326	1689.9220929145813
44	1	3262	0	0.9992645382881165	4.0	3.358230241011696	1694.780545949936
44	2	2485	1	0.9651787877082825	16.0	3.4846479386015794	1698.6040868759155
44	3	3673	0	0.9995231628417969	1.0	3.4598014592155635	1704.2255709171295
44	4	2994	0	0.9974644184112549	-2.0	3.4052034446234076	1708.7648239135742
44	5	2837	1	0.9803203344345093	11.0	3.4811514101771732	1713.057059764862
44	6	2523	1	0.9803203344345093	15.0	3.5963398960754014	1716.893222808838
44	7	2626	1	0.9835777282714844	10.0	3.6603764971146475	1720.9202497005463
44	8	2170	1	0.9835777282714844	18.0	3.8037727321435013	1724.2149949073792
44	9	2268	0	0.56662917137146	17.0	3.935735004822066	1727.608883857727
45	0	3156	0	0.9995847344398499	7.0	3.9663776547738454	1736.2586197853088
45	1	3018	0	0.9992877840995789	4.0	3.966713878226107	1740.8009958267212
45	2	3069	1	0.3638570308685303	6.0	3.987046739443846	1745.4686319828033
45	3	3182	0	0.9992528557777405	3.0	3.9771762720494075	1750.2255449295044
45	4	2384	0	0.9995847344398499	10.0	4.037404509328913	1753.8588976860046
45	5	3240	1	0.9679153561592102	-2.0	3.977030464235624	1758.7439789772034
45	6	2199	1	0.8717238306999207	19.0	4.127260159593268	1762.087763786316
45	7	2898	1	0.6858134269714355	-1.0	4.075987557997336	1766.545577764511
45	8	3068	1	0.9990697503089905	6.0	4.095227682417362	1771.183397769928
45	9	3026	1	0.9875539541244507	11.0	4.164275405593189	1775.8199088573456
46	0	2987	0	0.999428927898407	5.0	4.172632651537257	1784.2127997875214
46	1	2072	1	0.9825499057769775	21.0	4.3409063250218844	1787.3438827991486
46	2	2964	0	0.999428927898407	4.0	4.337497261771666	1791.796128988266
46	3	3429	1	0.8699546456336975	-4.0	4.2541222891539485	1796.954226732254
46	4	2441	0	0.9994052648544312	10.0	4.311581066262408	1800.65101480484
46	5	2987	0	0.999428927898407	5.0	4.318465255599784	1805.181139945984
46	6	2910	0	0.99968421459198	7.0	4.345280603043786	1809.6494028568268
46	7	2580	1	0.995474636554718	15.0	4.451827797013348	1813.5899188518524
46	8	3168	1	0.995474636554718	5.0	4.457309519043215	1818.4397659301758
46	9	2175	1	0.995474636554718	18.0	4.592736423852783	1821.7659928798676
47	0	2673	0	0.9996538162231445	7.0	4.616809059614255	1829.759153842926
47	1	2734	0	0.9993484616279602	7.0	4.640640969018112	1833.8505218029022
47	2	2204	1	0.9948462247848511	19.0	4.784234559327931	1837.2152197360992
47	3	3077	0	0.9996538162231445	4.0	4.776392213734652	1841.9576897621155
47	4	2106	1	0.9789837002754211	20.0	4.928628291597305	1845.0890669822693
47	5	2504	0	0.9993484616279602	10.0	4.979342008681332	1848.8482270240784
47	6	2743	1	0.9998385906219482	5.0	4.979548588594518	1853.0468819141388
47	7	2961	0	0.9993818998336792	4.0	4.969753102708573	1857.7312438488007
47	8	2625	0	0.9996538162231445	10.0	5.020055571681487	1861.7523877620697
47	9	2951	0	0.9996538162231445	6.0	5.029855015964672	1866.2511899471283
48	0	2723	0	0.9996367692947388	9.0	5.069556465805025	1874.3283219337463
48	1	3366	0	0.9996367692947388	3.0	5.048860901146975	1879.4060628414154
48	2	3300	1	0.9323326349258423	-6.0	4.938372292135505	1884.5343039035797
48	3	3367	1	0.9998075366020203	1.0	4.89898856921415	1889.588773727417
48	4	3541	1	0.8960471749305725	-2.0	4.829998683522009	1895.003633737564
48	5	2533	1	0.6580551266670227	-12.0	4.661698696686789	1898.9224429130554
48	6	2363	1	0.9778705835342407	16.0	4.775081709719921	1902.5189988613129
48	7	3049	1	0.9093675017356873	-2.0	4.707330892622722	1907.1146879196167
48	8	2727	0	0.9993634819984436	7.0	4.7302575836964955	1911.2216408252716
48	9	3017	0	0.9997058510780334	6.0	4.74295500785953	1915.8232476711273
49	0	2343	0	0.9996974468231201	11.0	4.805525457780935	1923.176573753357
49	1	2768	0	0.383338987827301	-3.0	4.727470203203126	1927.366674900055
49	2	2982	0	0.9994847774505615	7.0	4.750195501171095	1931.8606567382812
49	3	2823	1	0.9444676041603088	8.0	4.782693546159384	1936.1093678474426
49	4	2884	0	0.9994847774505615	6.0	4.794866610697789	1940.4855358600616
49	5	3237	1	0.9938062429428101	3.0	4.776917944590811	1945.3182468414307
49	6	3134	1	0.9938062429428101	4.0	4.7691487651449025	1950.093091726303
49	7	2405	0	0.9996974468231201	11.0	4.831457277493453	1953.8280048370361
49	8	2533	1	0.9218104481697083	-8.0	4.703142704718519	1957.7609179019928
49	9	2007	1	0.9763388633728027	21.0	4.866111277671333	1960.8062958717346
