0	0	814	1	0.8604342937469482	-21.0	-21.0	1.3943428993225098
0	1	883	1	0.7183274626731873	-21.0	-21.0	2.781157970428467
0	2	857	1	0.8527466654777527	-20.0	-20.99	4.104110956192017
0	3	816	0	0.10662443935871124	-21.0	-20.990099999999998	5.407841920852661
0	4	851	1	0.7753801345825195	-20.0	-20.980199	6.737360000610352
0	5	856	1	0.8165245056152344	-20.0	-20.97039701	8.064033031463623
0	6	878	0	0.6974908709526062	-21.0	-20.9706930399	9.451052188873291
0	7	941	1	0.629306972026825	-21.0	-20.970986109501	10.96091103553772
0	8	1156	1	0.6275566220283508	-20.0	-20.961276248405987	12.81585693359375
0	9	823	1	0.7232851982116699	-21.0	-20.961663485921928	14.079564094543457
1	0	878	0	0.2563963234424591	-21.0	-20.96204685106271	19.14608907699585
1	1	884	1	0.6651268601417542	-21.0	-20.96242638255208	20.54274010658264
1	2	1004	0	0.5294629335403442	-21.0	-20.96280211872656	22.131606101989746
1	3	943	1	0.6430676579475403	-21.0	-20.963174097539294	23.608293056488037
1	4	822	1	0.6037948131561279	-21.0	-20.963542356563902	24.901960134506226
1	5	916	1	0.6320416927337646	-20.0	-20.95390693299826	26.343777894973755
1	6	821	1	0.680470883846283	-21.0	-20.95436786366828	27.618006944656372
1	7	1004	0	0.23290763795375824	-21.0	-20.954824185031597	29.185033082962036
1	8	913	0	0.9107111692428589	-20.0	-20.94527594318128	30.60573101043701
1	9	1010	1	0.6051845550537109	-19.0	-20.92582318374947	32.17189908027649
2	0	1061	1	0.5982424020767212	-21.0	-20.926564951911974	37.51192784309387
2	1	973	0	0.5445638298988342	-20.0	-20.917299302392852	39.043577909469604
2	2	820	1	0.7752515077590942	-21.0	-20.918126309368922	40.32773685455322
2	3	938	0	0.5786837935447693	-21.0	-20.918945046275233	41.77244710922241
2	4	917	1	0.9091731905937195	-20.0	-20.90975559581248	43.20975089073181
2	5	1157	1	0.7034661173820496	-20.0	-20.900658039854356	45.019551038742065
2	6	856	1	0.8526487946510315	-20.0	-20.89165145945581	46.40277600288391
2	7	1036	1	0.35008910298347473	-20.0	-20.88273494486125	48.03284311294556
2	8	1262	1	0.846275269985199	-17.0	-20.84390759541264	50.00382709503174
2	9	1129	1	0.8321835994720459	-19.0	-20.825468519458518	51.797643184661865
3	0	850	1	0.5480738878250122	-20.0	-20.81721383426393	56.87359285354614
3	1	913	0	0.38354453444480896	-20.0	-20.80904169592129	58.292593002319336
3	2	823	1	0.9370555281639099	-21.0	-20.81095127896208	59.57755708694458
3	3	851	0	0.41620221734046936	-20.0	-20.802841766172456	60.90822887420654
3	4	1067	1	0.482007771730423	-19.0	-20.78481334851073	62.55664300918579
3	5	912	1	0.858534038066864	-20.0	-20.776965215025623	63.96751093864441
3	6	821	1	0.5640872716903687	-21.0	-20.779195562875366	65.26675796508789
3	7	1071	1	0.6040942072868347	-19.0	-20.761403607246613	66.9503481388092
3	8	910	0	0.5255731344223022	-20.0	-20.753789571174146	68.38917803764343
3	9	818	0	0.08992095291614532	-21.0	-20.756251675462405	69.68083214759827
4	0	855	1	0.6366325616836548	-20.0	-20.74868915870778	74.6373200416565
4	1	879	1	0.9148463010787964	-21.0	-20.751202267120703	76.01964712142944
4	2	1036	1	0.869015097618103	-20.0	-20.743690244449496	77.63654112815857
4	3	878	1	0.6878191232681274	-21.0	-20.746253342005	78.99754095077515
4	4	817	1	0.9222299456596375	-21.0	-20.748790808584953	80.2685661315918
4	5	855	1	0.6126528382301331	-20.0	-20.741302900499104	81.64216089248657
4	6	881	1	0.6128894686698914	-21.0	-20.743889871494112	83.05287313461304
4	7	816	0	0.5786275863647461	-21.0	-20.746450972779172	84.32680606842041
4	8	947	1	0.5826334357261658	-19.0	-20.72898646305138	85.81874704360962
4	9	1203	1	0.8387553691864014	-17.0	-20.69169659842087	87.68333196640015
5	0	817	0	0.39462941884994507	-21.0	-20.69477963243666	92.61530494689941
5	1	1007	1	0.9501256346702576	-19.0	-20.677831836112293	94.20120882987976
5	2	857	0	0.5530975461006165	-20.0	-20.67105351775117	95.5050048828125
5	3	819	0	0.6320540904998779	-21.0	-20.67434298257366	96.78729510307312
5	4	882	1	0.6491183638572693	-21.0	-20.677599552747925	98.17075991630554
5	5	851	1	0.677700400352478	-20.0	-20.670823557220444	99.4981939792633
5	6	857	0	0.46941861510276794	-20.0	-20.66411532164824	100.86502194404602
5	7	855	1	0.6229785680770874	-20.0	-20.657474168431754	102.17228198051453
5	8	1159	1	0.5338339805603027	-20.0	-20.650899426747436	103.94228792190552
5	9	1009	0	0.3251906633377075	-19.0	-20.634390432479965	105.48028922080994
6	0	1318	1	0.9272536635398865	-19.0	-20.618046528155165	111.28170704841614
6	1	852	0	0.6576948165893555	-20.0	-20.611866062873613	112.62423419952393
6	2	852	1	0.5446747541427612	-20.0	-20.605747402244877	113.9468469619751
6	3	881	1	0.45323798060417175	-21.0	-20.60968992822243	115.35969805717468
6	4	1128	1	0.8258928656578064	-19.0	-20.593593028940205	117.13430523872375
6	5	1434	1	0.9177637100219727	-19.0	-20.577657098650803	119.33765411376953
6	6	852	1	0.48663628101348877	-20.0	-20.571880527664295	120.66521000862122
6	7	1043	1	0.6999220252037048	-18.0	-20.54616172238765	122.37144899368286
6	8	1183	1	0.5108698606491089	-21.0	-20.550700105163777	124.30739212036133
6	9	1124	1	0.9602217078208923	-21.0	-20.55519310411214	126.08684206008911
7	0	1516	1	0.8087746500968933	-15.0	-20.499641173071016	132.2102108001709
7	1	1033	0	0.5971609950065613	-20.0	-20.494644761340304	133.83132696151733
7	2	1318	0	0.32514116168022156	-19.0	-20.479698313726903	135.82430005073547
7	3	947	1	0.5861417055130005	-19.0	-20.464901330589637	137.338073015213
7	4	1204	1	0.5640031695365906	-17.0	-20.430252317283742	139.19679403305054
7	5	853	1	0.38230666518211365	-20.0	-20.425949794110903	140.52132105827332
7	6	877	1	0.6486340165138245	-21.0	-20.431690296169794	141.9001100063324
7	7	1126	1	0.618087887763977	-21.0	-20.437373393208098	143.67962408065796
7	8	818	1	0.8028967380523682	-21.0	-20.44299965927602	144.9670491218567
7	9	1285	1	0.8704670071601868	-18.0	-20.418569662683257	146.97633600234985
8	0	1410	1	0.9921404719352722	-18.0	-20.394383966056424	152.97951793670654
8	1	1891	1	0.8258508443832397	-13.0	-20.32044012639586	155.89088702201843
8	2	1225	0	0.9206403493881226	-18.0	-20.297235725131898	157.84574389457703
8	3	1141	1	0.8367316722869873	-17.0	-20.26426336788058	159.6642940044403
8	4	884	0	0.28153911232948303	-21.0	-20.271620734201775	161.08271598815918
8	5	1699	1	0.7412012815475464	-15.0	-20.218904526859756	163.78814816474915
8	6	855	0	0.320502907037735	-20.0	-20.21671548159116	165.14523816108704
8	7	946	0	0.8510376214981079	-19.0	-20.20454832677525	166.6710548400879
8	8	823	1	0.5999217629432678	-21.0	-20.212502843507497	167.97912096977234
8	9	974	1	0.6806707382202148	-20.0	-20.210377815072423	169.5224621295929
9	0	1288	1	0.6470304131507874	-18.0	-20.188274036921698	175.21966004371643
9	1	1481	0	0.4077014923095703	-16.0	-20.14639129655248	177.5004198551178
9	2	1411	0	0.39316698908805847	-18.0	-20.124927383586954	179.7178339958191
9	3	1190	1	0.49604886770248413	-19.0	-20.113678109751085	181.57787799835205
9	4	950	1	0.5921595692634583	-19.0	-20.102541328653576	183.0614070892334
9	5	856	1	0.7900233268737793	-20.0	-20.101515915367038	184.40668201446533
9	6	917	1	0.4431905448436737	-20.0	-20.100500756213368	185.84380292892456
9	7	918	1	0.6990295052528381	-20.0	-20.099495748651233	187.28812909126282
9	8	1135	0	0.7230369448661804	-19.0	-20.088500791164723	189.0825490951538
9	9	1505	1	0.29303354024887085	-17.0	-20.057615783253077	191.44489407539368
10	0	1483	1	0.807878315448761	-16.0	-20.017039625420544	197.48697900772095
10	1	1138	1	0.5539431571960449	-17.0	-19.98686922916634	199.25115990638733
10	2	1154	1	0.4177974462509155	-20.0	-19.987000536874678	201.0319221019745
10	3	1804	0	0.30702537298202515	-12.0	-19.90713053150593	203.84041094779968
10	4	1509	0	0.390236496925354	-17.0	-19.878059226190874	206.18143701553345
10	5	911	0	0.503334641456604	-20.0	-19.879278633928966	207.62024092674255
10	6	976	0	0.3165608048439026	-20.0	-19.880485847589675	209.15697813034058
10	7	1438	1	0.9972279667854309	-19.0	-19.87168098911378	211.41575002670288
10	8	820	0	0.7256415486335754	-21.0	-19.882964179222643	212.69113302230835
10	9	1141	1	0.5637229084968567	-17.0	-19.85413453743042	214.46312403678894
11	0	1937	1	0.8266785144805908	-15.0	-19.80559319205611	221.21052718162537
11	1	2823	0	0.782733678817749	3.0	-19.57753726013555	225.4716718196869
11	2	2214	0	0.47282522916793823	15.0	-19.231761887534194	228.9148371219635
11	3	1426	0	0.5027444362640381	-14.0	-19.17944426865885	231.1627779006958
11	4	1314	0	0.2936346232891083	-19.0	-19.177649825972264	233.22089409828186
11	5	1647	0	0.5895366668701172	-18.0	-19.16587332771254	235.83100700378418
11	6	1685	0	0.614273726940155	-17.0	-19.144214594435415	238.45604705810547
11	7	1012	1	0.3162841498851776	-19.0	-19.142772448491062	240.05931615829468
11	8	1451	1	0.4162916839122772	-17.0	-19.121344724006153	242.3432478904724
11	9	2155	0	0.45623669028282166	-16.0	-19.09013127676609	245.68038988113403
12	0	2562	0	0.72580486536026	12.0	-18.77922996399843	253.37993717193604
12	1	2697	1	0.7230885624885559	-2.0	-18.611437664358444	257.5233108997345
12	2	1920	1	0.670822024345398	-12.0	-18.54532328771486	260.5445020198822
12	3	1877	1	0.3095296323299408	-15.0	-18.509870054837712	263.4888799190521
12	4	1689	1	0.4701962172985077	-17.0	-18.494771354289337	266.1634588241577
12	5	1810	1	0.7226259708404541	-17.0	-18.479823640746446	269.01083612442017
12	6	1069	0	0.6232698559761047	-19.0	-18.485025404338984	270.68893814086914
12	7	1290	1	0.5817208290100098	-18.0	-18.480175150295594	272.70627903938293
12	8	2897	1	0.5361684560775757	-5.0	-18.34537339879264	277.17419815063477
12	9	1033	0	0.8856815695762634	-20.0	-18.36191966480471	278.81922602653503
13	0	2044	0	0.7618215680122375	20.0	-17.978300468156664	285.8494281768799
13	1	819	1	0.8331732153892517	-21.0	-18.008517463475098	287.125079870224
13	2	2752	0	0.756020724773407	10.0	-17.728432288840345	291.4334099292755
13	3	2538	0	0.6181967854499817	-5.0	-17.60114796595194	295.3848090171814
13	4	1697	1	0.4977903962135315	-15.0	-17.575136486292422	298.04632902145386
13	5	1500	1	0.530451774597168	-17.0	-17.569385121429498	300.3984520435333
13	6	3073	0	0.7361474633216858	6.0	-17.333691270215205	305.1695239543915
13	7	2006	0	0.4425416588783264	21.0	-16.950354357513053	308.3163568973541
13	8	1783	1	0.8584641814231873	-16.0	-16.94085081393792	311.1054108142853
13	9	1531	0	0.45891550183296204	-18.0	-16.95144230579854	313.4868800640106
14	0	1312	1	0.8090066909790039	-19.0	-16.971927882740555	319.3039939403534
14	1	3074	0	0.8661078810691833	1.0	-16.79220860391315	324.0486731529236
14	2	2593	1	0.8541285991668701	-5.0	-16.67428651787402	328.1210398674011
14	3	1867	1	0.5446529984474182	-17.0	-16.67754365269528	331.0287981033325
14	4	2599	0	0.6662389636039734	4.0	-16.470768216168327	335.12285900115967
14	5	1438	1	0.42146965861320496	-17.0	-16.476060534006645	337.36019587516785
14	6	1650	1	0.8022772073745728	-18.0	-16.491299928666578	339.9121251106262
14	7	2100	1	0.8844130039215088	-12.0	-16.446386929379912	343.21397399902344
14	8	2008	0	0.8747236728668213	21.0	-16.07192306008611	346.3755450248718
14	9	3189	0	0.8747236728668213	1.0	-15.90120382948525	351.341588973999
15	0	2396	0	0.8851922750473022	10.0	-15.642191791190397	358.85008692741394
15	1	3281	0	0.8851922750473022	7.0	-15.415769873278492	363.97902607917786
15	2	1858	1	0.7732327580451965	-12.0	-15.381612174545706	366.8356409072876
15	3	2198	0	0.9110963344573975	19.0	-15.03779605280025	370.238392829895
15	4	2152	0	0.807751476764679	17.0	-14.717418092272247	373.5735900402069
15	5	2768	0	0.8851922750473022	1.0	-14.560243911349525	377.86373805999756
15	6	1972	0	0.7543566823005676	-14.0	-14.55464147223603	380.98276591300964
15	7	1753	0	0.8036097288131714	-15.0	-14.55909505751367	383.74493408203125
15	8	1097	1	0.7932955026626587	-20.0	-14.613504106938532	385.4571499824524
15	9	1550	1	0.8025402426719666	-14.0	-14.607369065869147	387.9177930355072
16	0	1811	1	0.12380419671535492	-17.0	-14.631295375210454	394.4493992328644
16	1	1526	1	0.8613663911819458	-18.0	-14.66498242145835	396.8281600475311
16	2	2272	0	0.9071636199951172	17.0	-14.348332597243767	400.329793214798
16	3	2938	0	0.8975021839141846	3.0	-14.174849271271329	404.8589961528778
16	4	1386	0	0.31428414583206177	-15.0	-14.183100778558616	407.0056960582733
16	5	2478	0	0.9369735717773438	11.0	-13.93126977077303	410.8492109775543
16	6	2932	0	0.9991750121116638	5.0	-13.741957073065299	415.4292371273041
16	7	1227	1	0.818341076374054	-18.0	-13.784537502334645	417.37116408348083
16	8	2259	0	0.9149954915046692	19.0	-13.4566921273113	420.9049758911133
16	9	1666	1	0.7492005825042725	-14.0	-13.462125206038188	423.566143989563
17	0	2082	1	0.8782426714897156	-16.0	-13.487503953977805	430.5973331928253
17	1	2081	1	0.3638153374195099	-18.0	-13.532628914438027	433.8032500743866
17	2	2197	0	0.7872570157051086	-11.0	-13.507302625293645	437.2227301597595
17	3	1346	0	0.4281734824180603	-18.0	-13.55222959904071	439.3558280467987
17	4	1618	1	0.6783275604248047	-17.0	-13.586707303050302	441.9256432056427
17	5	1285	1	0.8326472640037537	-18.0	-13.630840230019798	443.9475522041321
17	6	2980	0	0.9524961709976196	7.0	-13.4245318277196	448.5777599811554
17	7	3125	0	0.9552532434463501	3.0	-13.260286509442404	453.5081241130829
17	8	3130	1	0.06956560164690018	1.0	-13.117683644347979	458.4751319885254
17	9	2353	1	0.9920772910118103	13.0	-12.856506807904498	462.1536409854889
18	0	2760	0	0.9550551176071167	8.0	-12.647941739825454	470.25518918037415
18	1	2862	1	0.14708560705184937	-6.0	-12.5814623224272	474.67618584632874
18	2	1830	0	0.4075685739517212	-13.0	-12.585647699202928	477.53154277801514
18	3	2035	0	0.7986462712287903	-14.0	-12.5997912222109	480.7217791080475
18	4	2727	0	0.515988826751709	-3.0	-12.50379330998879	484.9321050643921
18	5	1867	0	0.7699499726295471	-17.0	-12.548755376888902	487.85222005844116
18	6	1321	0	0.6654040813446045	-17.0	-12.593267823120012	489.914302110672
18	7	1839	0	0.40603750944137573	-18.0	-12.647335144888812	492.77638506889343
18	8	2334	0	0.9296748042106628	15.0	-12.370861793439923	496.48446393013
18	9	2416	1	0.765481173992157	11.0	-12.137153175505524	500.26489901542664
19	0	2008	0	0.947131335735321	21.0	-11.805781643750468	507.0924129486084
19	1	1594	1	0.9374176859855652	-16.0	-11.847723827312963	509.51874804496765
19	2	2007	0	0.947131335735321	21.0	-11.519246589039833	512.6397140026093
19	3	2132	0	0.9257593154907227	21.0	-11.194054123149433	515.9830780029297
19	4	2907	0	0.9330487847328186	4.0	-11.04211358191794	520.5507159233093
19	5	2030	0	0.918048620223999	-16.0	-11.091692446098762	523.7029240131378
19	6	1718	1	0.9434226155281067	-16.0	-11.140775521637774	526.3937261104584
19	7	1836	0	0.5126655101776123	-11.0	-11.139367766421396	529.2482681274414
19	8	1996	1	0.7222884297370911	-15.0	-11.177974088757182	532.3402781486511
19	9	2152	1	0.07424071431159973	17.0	-10.89619434786961	535.662791967392
20	0	2288	0	0.916052520275116	13.0	-10.657232404390912	543.0586440563202
20	1	2196	0	0.9332193732261658	19.0	-10.360660080347003	546.4887959957123
20	2	2554	0	0.916052520275116	14.0	-10.117053479543532	550.4546461105347
20	3	1852	0	0.44330906867980957	-14.0	-10.155882944748097	553.3612880706787
20	4	2653	0	0.9759460687637329	13.0	-9.924324115300616	557.4527680873871
20	5	2422	0	0.9332193732261658	16.0	-9.665080874147609	561.2115731239319
20	6	1788	1	0.7897015810012817	-14.0	-9.708430065406134	564.0162620544434
20	7	2008	0	0.9332193732261658	21.0	-9.40134576475207	567.1089391708374
20	8	1683	1	0.6687136292457581	-19.0	-9.49733230710455	569.7075228691101
20	9	2114	0	0.847217321395874	18.0	-9.222358984033505	572.970165014267
21	0	1966	0	0.10384231060743332	-14.0	-9.27013539419317	579.9013249874115
21	1	2008	0	0.96356201171875	21.0	-8.967434040251238	582.9894790649414
21	2	1996	1	0.5138067007064819	-17.0	-9.047759699848726	586.1343970298767
21	3	2012	1	0.036437973380088806	21.0	-8.747282102850237	589.2956240177155
21	4	2008	0	0.96356201171875	21.0	-8.449809281821734	592.3968799114227
21	5	2104	0	0.413570374250412	-17.0	-8.535311189003517	595.692146062851
21	6	1565	0	0.8896545767784119	-17.0	-8.619958077113482	598.1452550888062
21	7	1756	1	0.46954455971717834	-15.0	-8.683758496342348	600.9241728782654
21	8	2526	0	0.9541211128234863	13.0	-8.466920911378923	604.8320190906525
21	9	2121	1	0.43922093510627747	-15.0	-8.532251702265134	608.1284189224243
22	0	2253	0	0.969504177570343	14.0	-8.306929185242481	615.4276750087738
22	1	1527	1	0.9575589299201965	-18.0	-8.403859893390056	617.8242740631104
22	2	2620	0	0.8567920923233032	-11.0	-8.429821294456154	621.8634810447693
22	3	2909	1	0.9956385493278503	9.0	-8.255523081511592	626.3728580474854
22	4	3025	1	0.8007317185401917	-10.0	-8.272967850696476	631.0592169761658
22	5	1107	1	0.950573742389679	-18.0	-8.370238172189511	632.802038192749
22	6	2009	0	0.9565256834030151	21.0	-8.076535790467615	635.9754230976105
22	7	1993	1	0.8829916715621948	-10.0	-8.095770432562938	639.103157043457
22	8	2229	1	0.882111132144928	-10.0	-8.11481272823731	642.6122708320618
22	9	2711	0	0.982236385345459	13.0	-7.903664600954936	646.8813531398773
23	0	2344	0	0.22542314231395721	-12.0	-7.944627954945386	654.3787069320679
23	1	2167	0	0.9927741289138794	20.0	-7.6651816753959325	657.7522299289703
23	2	1920	0	0.2514028549194336	-19.0	-7.778529858641973	660.7746148109436
23	3	2260	1	0.5986977815628052	-11.0	-7.810744560055554	664.3552210330963
23	4	2012	0	0.9887869954109192	21.0	-7.522637114454998	667.5462350845337
23	5	2810	0	0.9927741289138794	5.0	-7.397410743310448	671.9719870090485
23	6	2012	0	0.9887869954109192	21.0	-7.113436635877343	675.1298608779907
23	7	2009	0	0.9887869954109192	21.0	-6.83230226951857	678.2563180923462
23	8	1939	0	0.8454711437225342	-15.0	-6.913979246823384	681.2938389778137
23	9	1285	1	0.9075837731361389	-18.0	-7.02483945435515	683.3360059261322
24	0	2079	0	0.9926742911338806	19.0	-6.764591059811598	690.4478490352631
24	1	2174	1	0.9123010039329529	-10.0	-6.796945149213482	693.8496069908142
24	2	2012	0	0.9926742911338806	21.0	-6.518975697721347	696.9804630279541
24	3	2380	1	0.4135231077671051	-11.0	-6.5637859407441335	700.6640729904175
24	4	2005	0	0.9926742911338806	21.0	-6.288148081336692	703.8726260662079
24	5	2689	0	0.9545282125473022	-9.0	-6.315266600523325	708.0767991542816
24	6	3266	1	0.6183840036392212	-3.0	-6.282113934518091	713.1274859905243
24	7	2236	1	0.9311561584472656	-10.0	-6.31929279517291	716.6026289463043
24	8	2755	1	0.8128392100334167	-7.0	-6.32609986722118	720.9336860179901
24	9	2952	1	0.9966076612472534	-3.0	-6.2928388685489685	725.6526081562042
25	0	2172	1	0.8970853090286255	-10.0	-6.329910479863479	732.9220499992371
25	1	2448	0	0.992584228515625	17.0	-6.096611375064844	736.7081518173218
25	2	3079	1	0.7590025067329407	-3.0	-6.065645261314196	741.4678008556366
25	3	2436	0	0.992584228515625	14.0	-5.864988808701054	745.2096509933472
25	4	3032	1	0.6477391719818115	-6.0	-5.866338920614043	749.9360449314117
25	5	2011	0	0.9931890964508057	21.0	-5.597675531407902	753.1201617717743
25	6	2822	0	0.5784159302711487	-7.0	-5.6116987760938235	757.5507049560547
25	7	2549	1	0.9259392619132996	-6.0	-5.615581788332885	761.5511581897736
25	8	2607	0	0.9921665191650391	16.0	-5.399425970449556	765.5784289836884
25	9	2152	0	0.9931890964508057	17.0	-5.175431710745061	768.9568860530853
26	0	3684	1	0.6023175716400146	-3.0	-5.153677393637611	778.4123930931091
26	1	2005	0	0.994012176990509	21.0	-4.892140619701235	781.4558520317078
26	2	2200	1	0.00487454142421484	19.0	-4.653219213504222	784.8805232048035
26	3	2898	0	0.4245089590549469	-3.0	-4.63668702136918	789.3380391597748
26	4	2007	0	0.994012176990509	21.0	-4.380320151155488	792.430536031723
26	5	2443	1	0.6741001009941101	-11.0	-4.446516949643934	796.2534589767456
26	6	2501	1	0.8263736367225647	-11.0	-4.512051780147495	800.226870059967
26	7	3357	1	0.7978411316871643	-7.0	-4.53693126234602	805.4144430160522
26	8	2401	1	0.5893691182136536	-7.0	-4.5615619497225595	809.1621730327606
26	9	2608	0	0.7619282007217407	-8.0	-4.595946330225334	813.1800580024719
27	0	2008	0	0.9942325949668884	21.0	-4.3399868669230806	820.1007261276245
27	1	2914	0	0.9949413537979126	2.0	-4.27658699825385	824.6118412017822
27	2	2258	0	0.9952930808067322	19.0	-4.043821128271311	828.1172828674316
27	3	2004	0	0.9933865666389465	21.0	-3.793382916988598	831.2434899806976
27	4	2426	0	0.9933865666389465	16.0	-3.595449087818712	835.030590057373
27	5	2289	0	0.913601815700531	-12.0	-3.679494596940525	838.5879590511322
27	6	2044	0	0.9942325949668884	20.0	-3.4426996509711194	841.7798359394073
27	7	2173	0	0.9949413537979126	18.0	-3.228272654461408	845.1883611679077
27	8	2339	0	0.9933865666389465	15.0	-3.045989927916794	848.8234970569611
27	9	3479	1	0.904613733291626	-2.0	-3.035530028637626	854.2629358768463
28	0	2012	0	0.9937637448310852	21.0	-2.79517472835125	861.2005121707916
28	1	2910	0	0.6041098833084106	-1.0	-2.777222981067737	865.6915290355682
28	2	2941	1	0.722241997718811	-7.0	-2.8194507512570595	870.2823529243469
28	3	3431	1	0.9886464476585388	1.0	-2.781256243744489	875.5340220928192
28	4	2639	0	0.5040448307991028	-7.0	-2.823443681307044	879.6154189109802
28	5	2427	1	0.9245626926422119	-6.0	-2.8552092444939734	883.3741788864136
28	6	2896	1	0.9920647740364075	4.0	-2.7866571520490337	887.8982081413269
28	7	3373	1	0.8777105808258057	1.0	-2.7487905805285435	893.1907329559326
28	8	2578	0	0.994082510471344	15.0	-2.5713026747232584	897.1890149116516
28	9	3232	0	0.9089121222496033	-4.0	-2.585589647976026	902.2218329906464
29	0	2581	1	0.4250214993953705	-7.0	-2.6297337514962655	910.0768988132477
29	1	2005	0	0.9934211373329163	21.0	-2.393436413981303	913.1977050304413
29	2	2259	0	0.993645429611206	19.0	-2.17950204984149	916.7633328437805
29	3	2971	0	0.2729862630367279	-8.0	-2.237707029343075	921.361330986023
29	4	2516	0	0.9913307428359985	15.0	-2.0653299590496443	925.3218681812286
29	5	2012	0	0.9934211373329163	21.0	-1.8346766594591477	928.4582071304321
29	6	2740	0	0.9913307428359985	7.0	-1.746329892864556	932.679368019104
29	7	2334	0	0.38544318079948425	-9.0	-1.8188665939359105	936.2769501209259
29	8	3530	0	0.9934211373329163	5.0	-1.7506779279965514	941.8453478813171
29	9	2351	0	0.9913307428359985	18.0	-1.553171148716586	945.5533289909363
30	0	3404	1	0.9826145768165588	5.0	-1.4876394372294202	954.8250141143799
30	1	3082	1	0.9405540823936462	-5.0	-1.522763042857126	959.6618111133575
30	2	2953	0	0.6097379922866821	-5.0	-1.5575354124285548	964.1448359489441
30	3	2942	1	0.9996161460876465	6.0	-1.4819600583042691	968.7311489582062
30	4	2181	0	0.1437719762325287	-15.0	-1.6171404577212263	972.0876388549805
30	5	2800	1	0.8299877047538757	-11.0	-1.710969053144014	976.4526500701904
30	6	2200	0	0.994200587272644	19.0	-1.503859362612574	979.8583581447601
30	7	2040	0	0.9918932914733887	20.0	-1.2888207689864484	983.0178329944611
30	8	3583	1	0.9826145768165588	5.0	-1.225932561296584	988.5795450210571
30	9	2712	1	0.9897456169128418	11.0	-1.1036732356836179	992.7966430187225
31	0	3172	1	0.9600784778594971	3.0	-1.0626365033267817	1001.7285718917847
31	1	2205	0	0.9947768449783325	17.0	-0.8820101382935138	1005.1754970550537
31	2	3062	1	0.9995914101600647	6.0	-0.8131900369105787	1010.0234971046448
31	3	2132	0	0.9947768449783325	21.0	-0.5950581365414729	1013.3846778869629
31	4	3208	1	0.6490099430084229	-3.0	-0.6191075551760582	1018.3769822120667
31	5	2011	0	0.9947768449783325	21.0	-0.40291647962429766	1021.520467042923
31	6	3351	0	0.179751455783844	-4.0	-0.43888731482805465	1026.8503279685974
31	7	2045	1	0.9995582699775696	20.0	-0.23449844167977407	1030.0702860355377
31	8	2076	0	0.9947768449783325	19.0	-0.04215345726297634	1033.318629026413
31	9	3195	0	0.7329195141792297	-7.0	-0.11173192269034658	1038.3103229999542
32	0	2817	0	0.9941611886024475	10.0	-0.010614603463443104	1046.5924911499023
32	1	3188	0	0.9941611886024475	8.0	0.06949154257119133	1051.6905739307404
32	2	2883	1	0.9999004602432251	6.0	0.1287966271454794	1056.2904200553894
32	3	2278	1	0.961004912853241	18.0	0.3075086608740246	1059.8602571487427
32	4	2327	1	0.9912841320037842	-9.0	0.2144335742652844	1063.5074799060822
32	5	2193	1	0.15603692829608917	-11.0	0.10228923852263154	1067.0010950565338
32	6	3367	1	0.9423453211784363	6.0	0.1612663461374052	1072.2578210830688
32	7	2635	1	0.9744617342948914	13.0	0.28965368267603114	1076.383287191391
32	8	2104	0	0.9919666647911072	20.0	0.4867571458492708	1079.689759016037
32	9	3198	1	0.9451357126235962	-3.0	0.45188957439077815	1084.6177690029144
33	0	2258	0	0.9930869936943054	19.0	0.6373706786468704	1092.0042719841003
33	1	2702	1	0.9761174321174622	13.0	0.7609969718604016	1096.2074809074402
33	2	2289	0	0.9930869936943054	18.0	0.9333870021417976	1099.78968501091
33	3	2074	0	0.9905338287353516	19.0	1.1140531321203797	1103.019779920578
33	4	2010	0	0.9927548766136169	21.0	1.3129126007991758	1106.115289926529
33	5	2198	0	0.9927548766136169	19.0	1.489783474791184	1109.556244134903
33	6	2303	0	0.9905338287353516	16.0	1.634885640043272	1113.1305770874023
33	7	3453	1	0.9994449019432068	2.0	1.6385367836428393	1118.5407299995422
33	8	2012	0	0.9927548766136169	21.0	1.832151415806411	1121.6842839717865
33	9	2669	0	0.9930869936943054	16.0	1.9738299016483467	1125.861943244934
34	0	2008	0	0.9941492080688477	21.0	2.1640916026318635	1132.833333015442
34	1	2208	0	0.99246746301651	17.0	2.312450686605545	1136.2545628547668
34	2	2011	0	0.9941492080688477	21.0	2.4993261797394895	1139.3580718040466
34	3	2903	0	0.033445414155721664	-10.0	2.3743329179420947	1143.8696432113647
34	4	2199	0	0.9948252439498901	19.0	2.5405895887626735	1147.3109200000763
34	5	2927	1	0.966772198677063	10.0	2.6151836928750467	1151.8530700206757
34	6	2077	1	0.9996966123580933	19.0	2.7790318559462963	1155.124736070633
34	7	2421	1	0.966772198677063	14.0	2.8912415373868336	1158.9355599880219
34	8	3350	1	0.9685326218605042	3.0	2.892329122012965	1164.2793099880219
34	9	2921	1	0.9685326218605042	10.0	2.9634058307928357	1168.85631108284
35	0	2106	0	0.9964935183525085	20.0	3.1337717724849075	1175.9672470092773
35	1	3902	1	0.9295935034751892	1.0	3.112434054760058	1181.9377617835999
35	2	2372	0	0.9943437576293945	14.0	3.221309714212458	1185.574261188507
35	3	2965	1	0.9295935034751892	9.0	3.279096617070333	1190.1994440555573
35	4	2421	0	0.9943437576293945	16.0	3.40630565089963	1193.9747579097748
35	5	2385	0	0.9943437576293945	19.0	3.5622425943906335	1197.6059391498566
35	6	2008	0	0.9955660700798035	21.0	3.736620168446727	1200.7180812358856
35	7	2007	0	0.9955660700798035	21.0	3.9092539667622597	1203.8493778705597
35	8	2291	0	0.9943437576293945	18.0	4.050161427094637	1207.4160730838776
35	9	2733	1	0.9999039173126221	12.0	4.129659812823691	1211.7449538707733
36	0	2259	0	0.9960098266601562	19.0	4.278363214695455	1219.11940407753
36	1	2137	0	0.9951627254486084	19.0	4.425579582548501	1222.504191160202
36	2	2009	0	0.9960098266601562	21.0	4.591323786723016	1225.6813099384308
36	3	2448	1	0.8860967755317688	15.0	4.695410548855786	1229.4183609485626
36	4	2619	1	0.8508697152137756	10.0	4.748456443367227	1233.4625790119171
36	5	3791	1	0.9999433755874634	1.0	4.710971878933555	1239.2796828746796
36	6	3155	1	0.9475093483924866	5.0	4.713862160144219	1244.0944578647614
36	7	3323	1	0.9445906281471252	9.0	4.756723538542777	1249.3146159648895
36	8	2293	0	0.9971171617507935	18.0	4.889156303157349	1252.8872232437134
36	9	2287	0	0.9978947043418884	16.0	5.000264740125775	1256.433454990387
37	0	2535	0	0.05726567655801773	14.0	5.090262092724517	1264.2019159793854
37	1	2699	0	0.05726567655801773	13.0	5.1693594717972715	1268.460983991623
37	2	2138	0	0.9955018162727356	19.0	5.307665877079299	1271.7714750766754
37	3	3204	0	0.9960583448410034	4.0	5.294589218308506	1276.75328707695
37	4	2641	1	0.9999359846115112	13.0	5.371643326125421	1280.8659858703613
37	5	2372	0	0.9742902517318726	17.0	5.4879268928641665	1284.8223178386688
37	6	2477	1	0.9427343010902405	14.0	5.573047623935524	1288.746834039688
37	7	2800	1	0.9998273849487305	10.0	5.617317147696169	1293.1612100601196
37	8	2139	0	0.9960583448410034	19.0	5.751143976219208	1296.518588066101
37	9	2153	1	0.9427343010902405	18.0	5.873632536457015	1299.8963758945465
38	0	2334	1	0.8518847823143005	18.0	5.994896211092445	1307.5641980171204
38	1	2138	0	0.9843119978904724	19.0	6.12494724898152	1310.9041261672974
38	2	2009	0	0.9960456490516663	21.0	6.273697776491705	1314.1092450618744
38	3	2045	1	0.9997996687889099	20.0	6.410960798726788	1317.33149600029
38	4	2008	0	0.9960456490516663	21.0	6.55685119073952	1320.5015909671783
38	5	2259	0	0.9974459409713745	19.0	6.681282678832125	1324.1552979946136
38	6	2040	0	0.9974459409713745	20.0	6.814469852043804	1327.3948199748993
38	7	2252	1	0.9437240958213806	17.0	6.916325153523366	1330.9118349552155
38	8	2458	1	0.9999067783355713	11.0	6.957161901988132	1334.785313129425
38	9	2462	0	0.9974459409713745	15.0	7.037590282968251	1338.6551508903503
39	0	2287	1	0.9034062027931213	16.0	7.127214380138569	1346.0501670837402
39	1	3245	1	0.870962917804718	8.0	7.135942236337184	1351.1813430786133
39	2	2214	1	0.8502543568611145	18.0	7.244582813973811	1354.666347026825
39	3	2557	1	0.8535364866256714	17.0	7.342136985834073	1358.635390996933
39	4	2328	0	0.9947965741157532	17.0	7.438715615975732	1362.2565531730652
39	5	2948	1	0.870962917804718	11.0	7.4743284598159745	1366.9018919467926
39	6	2261	0	0.9964724779129028	19.0	7.589585175217815	1370.4504449367523
39	7	2570	1	0.8535364866256714	15.0	7.663689323465637	1374.4791288375854
39	8	2678	1	0.8502543568611145	10.0	7.68705243023098	1378.6212601661682
39	9	2858	1	0.9998267292976379	12.0	7.730181905928671	1383.064381122589
40	0	2143	1	0.827968955039978	20.0	7.852880086869384	1390.4047169685364
40	1	2296	0	0.9956764578819275	18.0	7.954351286000691	1393.9200510978699
40	2	2165	0	0.9956764578819275	20.0	8.074807773140684	1397.324632883072
40	3	2405	1	0.8472861051559448	16.0	8.154059695409277	1401.1195950508118
40	4	3011	1	0.8882447481155396	11.0	8.182519098455183	1405.7798249721527
40	5	2795	1	0.827968955039978	12.0	8.220693907470631	1410.2171170711517
40	6	2218	1	0.8882447481155396	18.0	8.318486968395923	1413.6418671607971
40	7	2012	0	0.9946590065956116	21.0	8.445302098711965	1416.773432970047
40	8	2983	1	0.827968955039978	10.0	8.460849077724845	1421.368369102478
40	9	2678	1	0.9998881816864014	12.0	8.496240586947595	1425.5493030548096
41	0	2009	0	0.9949761629104614	21.0	8.62127818107812	1432.50821518898
41	1	2137	0	0.9941666126251221	19.0	8.725065399267338	1435.7888867855072
41	2	2228	1	0.7981942296028137	-12.0	8.517814745274665	1439.217612028122
41	3	2583	1	0.8675507307052612	11.0	8.542636597821918	1443.2755069732666
41	4	2154	0	0.20325911045074463	18.0	8.6372102318437	1446.6440160274506
41	5	2009	0	0.9949761629104614	21.0	8.760838129525263	1449.7212450504303
41	6	2731	1	0.7331692576408386	-6.0	8.61322974823001	1453.8765330314636
41	7	2164	0	0.9958327412605286	20.0	8.72709745074771	1457.244376897812
41	8	2349	1	0.8133423328399658	16.0	8.799826476240233	1460.888664007187
41	9	2171	0	0.9929876923561096	18.0	8.89182821147783	1464.234964132309
42	0	2693	0	0.9936621189117432	12.0	8.92290992936305	1472.2374629974365
42	1	2215	0	0.21276728808879852	18.0	9.013680830069418	1475.6405930519104
42	2	2237	0	0.3041139841079712	19.0	9.113544021768723	1479.0852098464966
42	3	2312	1	0.8036062121391296	17.0	9.192408581551035	1482.7254390716553
42	4	2255	1	0.7872326374053955	17.0	9.270484495735525	1486.2468709945679
42	5	3127	1	0.8165273070335388	11.0	9.28777965077817	1491.0808520317078
42	6	2080	0	0.9946670532226562	19.0	9.384901854270387	1494.3059668540955
42	7	2371	1	0.7198002338409424	17.0	9.461052835727683	1497.99196600914
42	8	2231	1	0.9996640682220459	18.0	9.546442307370405	1501.4540691375732
42	9	2201	0	0.9936621189117432	19.0	9.640977884296701	1504.874976158142
43	0	2103	0	0.9952070116996765	20.0	9.744568105453734	1511.9349429607391
43	1	2544	1	0.7584965825080872	14.0	9.787122424399197	1515.9075980186462
43	2	2638	1	0.9998247027397156	15.0	9.839251200155205	1519.9775681495667
43	3	2007	0	0.9944128394126892	21.0	9.950858688153653	1523.060753107071
43	4	2493	1	0.8483861684799194	17.0	10.021350101272116	1526.878028869629
43	5	2241	1	0.7584965825080872	19.0	10.111136600259394	1530.338753938675
43	6	2143	1	0.7099433541297913	20.0	10.210025234256799	1533.6533410549164
43	7	2196	0	0.9935512542724609	19.0	10.29792498191423	1537.03875207901
43	8	2855	0	0.9774745106697083	12.0	10.314945732095087	1541.4698100090027
43	9	2224	0	0.9935512542724609	20.0	10.411796274774135	1544.9532828330994
44	0	2010	0	0.9944829344749451	21.0	10.517678312026394	1551.985486984253
44	1	2567	1	0.8247959017753601	15.0	10.56250152890613	1556.0049860477448
44	2	2101	0	0.9949786067008972	20.0	10.65687651361707	1559.2471661567688
44	3	2446	0	0.9930904507637024	17.0	10.720307748480899	1563.0739080905914
44	4	2007	0	0.9944829344749451	21.0	10.82310467099609	1566.1906089782715
44	5	2206	0	0.9930904507637024	17.0	10.88487362428613	1569.6344721317291
44	6	2250	1	0.9998651742935181	17.0	10.946024888043269	1573.2080338001251
44	7	2106	0	0.9949786067008972	20.0	11.036564639162835	1576.5777838230133
44	8	2818	0	0.11612541228532791	13.0	11.056198992771208	1580.971529006958
44	9	2011	0	0.9944829344749451	21.0	11.155637002843497	1584.1032500267029
45	0	2102	0	0.9932124614715576	20.0	11.244080632815061	1591.2839078903198
45	1	2007	0	0.9928072690963745	21.0	11.341639826486912	1594.4072399139404
45	2	3331	0	0.994706928730011	9.0	11.318223428222042	1599.58504986763
45	3	2420	0	0.9907373785972595	16.0	11.365041193939822	1603.3428609371185
45	4	2007	0	0.9928072690963745	21.0	11.461390782000425	1606.5392799377441
45	5	2288	1	0.9996460676193237	16.0	11.50677687418042	1610.131061077118
45	6	2309	1	0.8236075639724731	17.0	11.561709105438617	1613.7288768291473
45	7	2685	1	0.8236075639724731	15.0	11.596092014384231	1617.8671472072601
45	8	2178	1	0.9033332467079163	19.0	11.670131094240388	1621.2643620967865
45	9	2948	1	0.6535742878913879	11.0	11.663429783297984	1625.9467079639435
46	0	2353	0	0.9881294965744019	18.0	11.726795485465004	1633.5181589126587
46	1	3047	1	0.9355373382568359	10.0	11.709527530610353	1638.2737250328064
46	2	2443	1	0.8765690326690674	15.0	11.74243225530425	1642.0711481571198
46	3	2611	1	0.8765690326690674	12.0	11.745007932751207	1646.16264295578
46	4	2165	0	0.9906573295593262	20.0	11.827557853423695	1649.5715601444244
46	5	2372	1	0.8765690326690674	17.0	11.879282274889459	1653.250174999237
46	6	2006	0	0.9909571409225464	21.0	11.970489452140566	1656.3577921390533
46	7	2785	1	0.9062731266021729	14.0	11.990784557619161	1660.7055587768555
46	8	2102	0	0.9906573295593262	20.0	12.070876712042969	1663.9916639328003
46	9	2519	0	0.1234310045838356	18.0	12.130167944922539	1667.9519488811493
47	0	2167	0	0.985724925994873	20.0	12.208866265473313	1675.1001360416412
47	1	2008	0	0.9874454736709595	21.0	12.296777602818581	1678.203971862793
47	2	2424	1	0.9766350984573364	19.0	12.363809826790394	1681.980484008789
47	3	2556	1	0.9766350984573364	17.0	12.41017172852249	1685.968002796173
47	4	2313	1	0.9766350984573364	17.0	12.456070011237266	1689.5764000415802
47	5	2221	1	0.9766350984573364	18.0	12.511509311124893	1693.1120657920837
47	6	2040	0	0.9839582443237305	20.0	12.586394218013643	1696.3391840457916
47	7	3190	1	0.9766350984573364	11.0	12.570530275833505	1701.3401629924774
47	8	2046	0	0.9839582443237305	20.0	12.644824973075169	1704.5919959545135
47	9	2183	1	0.9766350984573364	19.0	12.708376723344417	1708.0560069084167
48	0	2789	1	0.9826468825340271	12.0	12.701292956110972	1716.1838240623474
48	1	2007	0	0.9843095541000366	21.0	12.784280026549864	1719.343806028366
48	2	2221	1	0.9891626834869385	18.0	12.836437226284364	1722.8239510059357
48	3	2009	0	0.9843095541000366	21.0	12.91807285402152	1725.9906730651855
48	4	2010	0	0.9843095541000366	21.0	12.998892125481307	1729.1477799415588
48	5	2142	1	0.9780178666114807	20.0	13.068903204226492	1732.49160695076
48	6	2023	1	0.9891626834869385	20.0	13.138214172184227	1735.6622631549835
48	7	2045	1	0.9834755659103394	21.0	13.216832030462387	1738.9601380825043
48	8	2455	1	0.9780178666114807	13.0	13.214663710157764	1742.7772188186646
48	9	2623	1	0.9780178666114807	15.0	13.232517073056187	1746.8785297870636
49	0	3749	0	0.9835663437843323	6.0	13.160191902325625	1756.5835239887238
49	1	2010	0	0.9835663437843323	21.0	13.23858998330237	1759.7185218334198
49	2	2378	0	0.9782997369766235	19.0	13.296204083469346	1763.4295377731323
49	3	2641	0	0.9835663437843323	15.0	13.313242042634654	1767.5779819488525
49	4	2242	1	0.9869368672370911	19.0	13.370109622208307	1771.0579040050507
49	5	2142	0	0.9782997369766235	19.0	13.426408525986224	1774.4343628883362
49	6	2749	1	0.9869368672370911	15.0	13.442144440726361	1778.7036221027374
49	7	2338	1	0.9933353662490845	18.0	13.487722996319096	1782.3252029418945
49	8	2006	0	0.9835663437843323	21.0	13.562845766355906	1785.4614758491516
49	9	3587	1	0.9933353662490845	7.0	13.497217308692347	1791.143219947815
