0	0	818	1	0.8772228956222534	-21.0	-21.0	1.3729448318481445
0	1	942	1	0.77703458070755	-21.0	-21.0	2.8090250492095947
0	2	882	1	0.748188853263855	-21.0	-21.0	4.153138875961304
0	3	820	1	0.3157026469707489	-21.0	-21.0	5.409729719161987
0	4	814	0	0.5572289228439331	-21.0	-21.0	6.652714967727661
0	5	939	0	0.31359708309173584	-21.0	-21.0	8.079380989074707
0	6	819	0	0.42837876081466675	-21.0	-21.0	9.311592817306519
0	7	936	0	0.587296187877655	-21.0	-21.0	10.75224494934082
0	8	817	1	0.7383798360824585	-21.0	-21.0	12.00571870803833
0	9	822	1	0.8077436089515686	-21.0	-21.0	13.260380744934082
1	0	818	1	0.5997138023376465	-21.0	-21.0	18.279528856277466
1	1	822	1	0.600754976272583	-21.0	-21.0	19.53392267227173
1	2	878	1	0.30931365489959717	-21.0	-21.0	20.84758186340332
1	3	820	1	0.30931365489959717	-21.0	-21.0	22.07609987258911
1	4	1062	1	0.40391114354133606	-21.0	-21.0	23.68321681022644
1	5	937	0	0.2637741267681122	-21.0	-21.0	25.09374690055847
1	6	880	1	0.7224848866462708	-21.0	-21.0	26.47109580039978
1	7	819	1	0.6767162084579468	-21.0	-21.0	27.773069858551025
1	8	854	1	0.731593906879425	-20.0	-20.99	29.100916862487793
1	9	1038	1	0.20177137851715088	-20.0	-20.980099999999997	30.722747802734375
2	0	820	0	0.7091060280799866	-21.0	-20.980299	35.61963486671448
2	1	815	0	0.6284816265106201	-21.0	-20.98049601	36.88109588623047
2	2	1180	1	0.7879372239112854	-21.0	-20.9806910499	38.69640278816223
2	3	819	1	0.3387908339500427	-21.0	-20.980884139401	39.916701793670654
2	4	817	1	0.3387908339500427	-21.0	-20.98107529800699	41.1393609046936
2	5	942	1	0.6648210287094116	-21.0	-20.98126454502692	42.552812814712524
2	6	818	1	0.6868478655815125	-21.0	-20.98145189957665	43.79993772506714
2	7	819	1	0.49252641201019287	-21.0	-20.981637380580885	45.02908682823181
2	8	940	0	0.6612091660499573	-21.0	-20.98182100677508	46.46175265312195
2	9	818	0	0.3149957060813904	-21.0	-20.982002796707327	47.72187805175781
3	0	878	1	0.23718227446079254	-21.0	-20.982182768740255	52.752718687057495
3	1	881	0	0.17155826091766357	-21.0	-20.982360941052853	54.098188638687134
3	2	941	1	0.6583114862442017	-21.0	-20.982537331642327	55.52868580818176
3	3	1095	0	0.2496797740459442	-20.0	-20.972711958325903	57.221128940582275
3	4	882	0	0.658670961856842	-21.0	-20.972984838742644	58.58415484428406
3	5	1013	0	0.6527625918388367	-19.0	-20.95325499035522	60.1195228099823
3	6	820	1	0.5878093838691711	-21.0	-20.953722440451667	61.37367391586304
3	7	819	1	0.2739507555961609	-21.0	-20.95418521604715	62.64416980743408
3	8	820	0	0.7644962072372437	-21.0	-20.95464336388668	63.913880825042725
3	9	910	1	0.7108302712440491	-20.0	-20.945096930247814	65.3107259273529
4	0	915	1	0.929008424282074	-20.0	-20.935645960945337	70.40182089805603
4	1	853	1	0.7325890064239502	-20.0	-20.926289501335884	71.68896269798279
4	2	1036	0	0.7466715574264526	-20.0	-20.917026606322523	73.25881290435791
4	3	877	1	0.7366149425506592	-21.0	-20.9178563402593	74.5910017490387
4	4	817	0	0.7048080563545227	-21.0	-20.918677776856708	75.83338284492493
4	5	820	1	0.7394267320632935	-21.0	-20.91949099908814	77.08691096305847
4	6	818	1	0.7319995760917664	-21.0	-20.92029608909726	78.35237979888916
4	7	912	0	0.37502095103263855	-20.0	-20.911093128206286	79.72316884994507
4	8	883	1	0.39785537123680115	-21.0	-20.911982196924225	81.07644963264465
4	9	818	0	0.5902802348136902	-21.0	-20.912862374954983	82.30191683769226
5	0	816	0	0.7573221921920776	-21.0	-20.913733751205434	87.195396900177
5	1	852	1	0.30606916546821594	-20.0	-20.90459641369338	88.49834704399109
5	2	971	1	0.48937052488327026	-20.0	-20.895550449556445	89.9888687133789
5	3	816	1	0.6009494662284851	-21.0	-20.896594945060883	91.23786878585815
5	4	852	0	0.22157295048236847	-20.0	-20.887628995610275	92.53538680076599
5	5	1036	1	0.8120546936988831	-20.0	-20.878752705654172	94.10893893241882
5	6	1122	0	0.6135703921318054	-21.0	-20.87996517859763	95.8203227519989
5	7	877	1	0.6939186453819275	-21.0	-20.881165526811653	97.15961194038391
5	8	1097	0	0.4692659378051758	-20.0	-20.872353871543535	98.8349986076355
5	9	1091	1	0.4743630588054657	-20.0	-20.863630332828098	100.50363087654114
6	0	880	1	0.5843408703804016	-21.0	-20.86499402949982	105.5667188167572
6	1	852	0	0.4825381636619568	-20.0	-20.85634408920482	106.86985874176025
6	2	857	1	0.7796566486358643	-20.0	-20.84778064831277	108.18192267417908
6	3	820	0	0.616629421710968	-21.0	-20.849302841829644	109.43706274032593
6	4	975	0	0.6176425814628601	-20.0	-20.840809813411347	110.93246579170227
6	5	854	0	0.5102344751358032	-20.0	-20.832401715277232	112.25335597991943
6	6	917	1	0.8374607563018799	-20.0	-20.82407769812446	113.66002368927002
6	7	977	1	0.6443594694137573	-20.0	-20.815836921143212	115.17035174369812
6	8	818	1	0.894510805606842	-21.0	-20.81767855193178	116.42421293258667
6	9	857	0	0.22197014093399048	-20.0	-20.809501766412463	117.76670479774475
7	0	855	1	0.5456097722053528	-20.0	-20.801406748748338	122.77685284614563
7	1	912	1	0.7522397041320801	-20.0	-20.793392681260855	124.16885685920715
7	2	942	1	0.4682379961013794	-21.0	-20.795458754448248	125.60862684249878
7	3	822	0	0.4980800747871399	-21.0	-20.797504166903767	126.8572268486023
7	4	947	1	0.7226086854934692	-19.0	-20.77952912523473	128.29410886764526
7	5	913	1	0.6078121066093445	-20.0	-20.771733833982385	129.68036675453186
7	6	814	0	0.5244240760803223	-21.0	-20.774016495642563	130.93010878562927
7	7	853	0	0.3914546072483063	-20.0	-20.766276330686136	132.21803784370422
7	8	914	1	0.6978144645690918	-20.0	-20.758613567379275	133.61861562728882
7	9	854	1	0.7442420125007629	-20.0	-20.75102743170548	134.95755696296692
8	0	1167	1	0.8551830053329468	-18.0	-20.723517157388425	140.47310781478882
8	1	1165	1	0.7709802985191345	-18.0	-20.69628198581454	142.22549986839294
8	2	857	0	0.6100531816482544	-20.0	-20.689319165956395	143.50695180892944
8	3	854	1	0.8359005451202393	-20.0	-20.68242597429683	144.80140900611877
8	4	1345	0	0.5333258509635925	-18.0	-20.65560171455386	146.8756227493286
8	5	852	1	0.7436537146568298	-20.0	-20.649045697408322	148.19783401489258
8	6	997	1	0.593508780002594	-21.0	-20.65255524043424	149.7009358406067
8	7	819	0	0.42589670419692993	-21.0	-20.656029688029896	150.9516086578369
8	8	1007	1	0.7334834337234497	-19.0	-20.6394693911496	152.49460577964783
8	9	910	1	0.6769841909408569	-20.0	-20.633074697238104	153.9104859828949
9	0	913	0	0.3762112557888031	-20.0	-20.626743950265723	159.05847191810608
9	1	1072	1	0.9909260272979736	-19.0	-20.610476510763068	160.70855283737183
9	2	913	0	0.6773613095283508	-20.0	-20.604371745655435	162.10427284240723
9	3	1223	1	0.7440017461776733	-18.0	-20.57832802819888	164.05943298339844
9	4	853	0	0.28047287464141846	-20.0	-20.57254474791689	165.3447937965393
9	5	857	1	0.5412759780883789	-20.0	-20.56681930043772	166.64717483520508
9	6	851	1	0.6542448401451111	-20.0	-20.561151107433343	168.00469398498535
9	7	915	0	0.3877946138381958	-20.0	-20.555539596359008	169.46053671836853
9	8	1653	1	0.5427479147911072	-18.0	-20.52998420039542	172.00722479820251
9	9	1072	1	0.8189178705215454	-19.0	-20.514684358391467	173.68241572380066
10	0	1218	1	0.5727264285087585	-20.0	-20.50953751480755	179.30667686462402
10	1	1092	1	0.808478057384491	-20.0	-20.504442139659474	180.9770278930664
10	2	1169	1	0.5834898352622986	-18.0	-20.47939771826288	182.77254581451416
10	3	1289	1	0.608473002910614	-18.0	-20.454603741080252	184.75355982780457
10	4	1153	1	0.5972312688827515	-20.0	-20.450057703669447	186.5272078514099
10	5	1461	1	0.9106988906860352	-20.0	-20.445557126632753	188.7983009815216
10	6	1154	1	0.43802645802497864	-20.0	-20.441101555366426	190.54045391082764
10	7	1378	0	0.31004267930984497	-19.0	-20.426690539812764	192.67438173294067
10	8	970	1	0.567352294921875	-20.0	-20.422423634414635	194.17087388038635
10	9	851	1	0.43034592270851135	-20.0	-20.418199398070488	195.49060463905334
11	0	1106	0	0.6328758001327515	-18.0	-20.394017404089784	200.80103182792664
11	1	1068	1	0.39128029346466064	-19.0	-20.380077230048887	202.3972029685974
11	2	1195	1	0.6766288876533508	-19.0	-20.3662764577484	204.20076966285706
11	3	1169	1	0.6271491646766663	-18.0	-20.342613693170915	205.98184394836426
11	4	1169	1	0.6328698992729187	-18.0	-20.319187556239203	207.76544094085693
11	5	972	0	0.4870072603225708	-20.0	-20.31599568067681	209.26485300064087
11	6	972	1	0.5503435134887695	-20.0	-20.31283572387004	210.74643087387085
11	7	1322	0	0.4089997410774231	-17.0	-20.279707366631342	212.77214074134827
11	8	913	0	0.41744422912597656	-20.0	-20.276910292965027	214.1659607887268
11	9	1438	0	0.3987846076488495	-19.0	-20.264141190035378	216.3698046207428
12	0	1226	0	0.5675379037857056	-18.0	-20.241499778135022	221.8711040019989
12	1	856	0	0.5455482602119446	-20.0	-20.23908478035367	223.14649987220764
12	2	1037	1	0.8897573351860046	-20.0	-20.236693932550136	224.71955370903015
12	3	944	1	0.41821858286857605	-19.0	-20.224326993224636	226.18284273147583
12	4	1128	1	0.5505157113075256	-19.0	-20.21208372329239	227.92309284210205
12	5	1010	0	0.460375040769577	-19.0	-20.199962886059467	229.48423504829407
12	6	1067	1	0.6102555990219116	-19.0	-20.187963257198874	231.1218798160553
12	7	1012	1	0.4538012742996216	-19.0	-20.176083624626887	232.69728183746338
12	8	1225	0	0.5204076170921326	-18.0	-20.154322788380618	234.60384368896484
12	9	1406	1	0.7054916620254517	-18.0	-20.13277956049681	236.7529468536377
13	0	1068	1	0.8916158080101013	-19.0	-20.121451764891845	242.0782699584961
13	1	1290	0	0.7873193621635437	-18.0	-20.100237247242926	244.02731585502625
13	2	1127	1	0.5423293113708496	-19.0	-20.089234874770497	245.7299656867981
13	3	1347	0	0.26883184909820557	-18.0	-20.068342526022793	247.79526495933533
13	4	2326	0	0.50914067029953	-16.0	-20.027659100762566	251.36147570610046
13	5	1477	0	0.5349981188774109	-16.0	-19.98738250975494	253.6297469139099
13	6	1526	0	0.3066875636577606	-18.0	-19.967508684657393	255.93423795700073
13	7	1312	1	0.8959460854530334	-19.0	-19.95783359781082	257.8952407836914
13	8	1469	0	0.1686355024576187	-18.0	-19.93825526183271	260.0822367668152
13	9	1540	0	0.4129807949066162	-16.0	-19.89887270921438	262.44986486434937
14	0	1411	1	0.5963718891143799	-18.0	-19.879883982122237	268.3605978488922
14	1	1319	0	0.3629714548587799	-17.0	-19.851085142301017	270.37483191490173
14	2	1230	1	0.761959969997406	-18.0	-19.832574290878007	272.22962188720703
14	3	1542	0	0.5750417113304138	-16.0	-19.79424854796923	274.5399067401886
14	4	1289	1	0.6651999950408936	-18.0	-19.776306062489535	276.48126006126404
14	5	1708	1	0.9741147756576538	-18.0	-19.758543001864638	279.03627276420593
14	6	1664	1	0.5282717943191528	-16.0	-19.720957571845993	281.53893303871155
14	7	1397	0	0.5764321088790894	-20.0	-19.723747996127532	283.656457901001
14	8	1719	0	0.635653555393219	-16.0	-19.68651051616626	286.26318883895874
14	9	1313	1	0.7110925316810608	-19.0	-19.679645411004596	288.25717401504517
15	0	1782	0	0.4171089231967926	-16.0	-19.64284895689455	294.76296281814575
15	1	2022	0	0.9998015761375427	-16.0	-19.606420467325606	297.84150290489197
15	2	851	1	0.6842573881149292	-20.0	-19.61035626265235	299.11841082572937
15	3	1719	1	0.9934576153755188	-16.0	-19.574252700025827	301.66237592697144
15	4	1716	0	0.3359074294567108	-18.0	-19.558510173025567	304.2406516075134
15	5	1135	0	0.3220037817955017	-19.0	-19.552925071295313	305.9298207759857
15	6	1287	0	0.30555805563926697	-18.0	-19.537395820582358	307.87042784690857
15	7	1188	0	0.7545009255409241	-19.0	-19.532021862376535	309.6965208053589
15	8	1223	0	0.48253312706947327	-18.0	-19.516701643752768	311.5558569431305
15	9	1802	1	0.9882060289382935	-17.0	-19.491534627315243	314.3012249469757
16	0	1435	1	0.648509681224823	-19.0	-19.486619281042092	320.1933047771454
16	1	2239	1	0.45656272768974304	-15.0	-19.44175308823167	323.60327887535095
16	2	1903	1	0.771488606929779	-16.0	-19.407335557349356	326.50468397140503
16	3	1721	1	0.573538601398468	-16.0	-19.373262201775862	329.1642608642578
16	4	1529	1	0.8432598114013672	-18.0	-19.359529579758103	331.4981129169464
16	5	1842	0	0.7367061972618103	-16.0	-19.32593428396052	334.2926068305969
16	6	1799	1	0.5864214897155762	-19.0	-19.322674941120916	337.0193169116974
16	7	1531	1	0.6870734691619873	-18.0	-19.309448191709706	339.38107800483704
16	8	1937	0	0.357806921005249	-15.0	-19.266353709792607	342.3636260032654
16	9	1693	0	0.5383377075195312	-15.0	-19.22369017269468	344.92751479148865
17	0	1136	1	0.9313716292381287	-19.0	-19.221453270967736	350.4108169078827
17	1	2127	0	0.8873714208602905	-13.0	-19.159238738258058	353.6317808628082
17	2	2206	1	0.9141542911529541	-16.0	-19.127646350875477	356.9787337779999
17	3	1504	1	0.6397803425788879	-17.0	-19.106369887366725	359.2494537830353
17	4	2236	1	0.9838215112686157	-15.0	-19.065306188493057	362.58862686157227
17	5	1926	0	0.976895809173584	-17.0	-19.04465312660813	365.5092408657074
17	6	2312	0	0.4839642345905304	-13.0	-18.984206595342048	369.07506370544434
17	7	2020	1	0.7360043525695801	-16.0	-18.954364529388627	372.1937108039856
17	8	1818	1	0.9156837463378906	-15.0	-18.914820884094738	374.9638090133667
17	9	2023	1	0.6510930061340332	-16.0	-18.88567267525379	378.054771900177
18	0	2057	1	0.9946830868721008	-15.0	-18.846815948501252	385.04359769821167
18	1	1896	1	0.744482159614563	-18.0	-18.83834778901624	387.9723529815674
18	2	1381	0	0.4505915939807892	-17.0	-18.81996431112608	390.09096598625183
18	3	1841	1	0.3975534737110138	-16.0	-18.791764668014817	392.8913516998291
18	4	1977	0	0.6027811169624329	-14.0	-18.74384702133467	395.9320387840271
18	5	1762	1	0.959093451499939	-13.0	-18.68640855112132	398.63299202919006
18	6	1684	1	0.6922633647918701	-17.0	-18.66954446561011	401.24916672706604
18	7	1628	0	0.3115610182285309	-17.0	-18.652849020954008	403.73185086250305
18	8	1676	0	0.2771751880645752	-19.0	-18.65632053074447	406.2967267036438
18	9	1597	1	0.7750721573829651	-16.0	-18.629757325437026	408.7365367412567
19	0	1379	1	0.6907714009284973	-17.0	-18.613459752182656	414.6450209617615
19	1	1560	0	0.9262990951538086	-19.0	-18.61732515466083	417.04224371910095
19	2	1480	1	0.9315500259399414	-16.0	-18.59115190311422	419.3185987472534
19	3	1828	1	0.9942517280578613	-13.0	-18.535240384083078	422.04707288742065
19	4	3164	0	0.04943317919969559	-11.0	-18.459887980242247	426.79665994644165
19	5	1831	0	0.17400112748146057	-13.0	-18.405289100439823	429.5930287837982
19	6	2024	1	0.5335483551025391	-16.0	-18.381236209435425	432.6581678390503
19	7	2619	1	0.6974164247512817	-11.0	-18.30742384734107	436.6345148086548
19	8	2092	0	0.4188480079174042	-14.0	-18.26434960886766	439.8073809146881
19	9	2040	1	0.6026433706283569	-14.0	-18.221706112778985	442.9197118282318
20	0	1699	1	0.4614093005657196	-15.0	-18.189489051651194	449.30053877830505
20	1	3102	1	0.7476669549942017	-6.0	-18.06759416113468	453.9871437549591
20	2	2134	1	0.8179535865783691	-11.0	-17.99691821952333	457.23286294937134
20	3	1906	0	0.4464968740940094	-16.0	-17.976949037328097	460.1732437610626
20	4	2372	1	0.18454040586948395	-13.0	-17.927179546954815	463.8685567378998
20	5	2742	1	0.2124404013156891	-11.0	-17.857907751485264	468.0576367378235
20	6	2126	1	0.3137325048446655	-13.0	-17.80932867397041	471.302090883255
20	7	1621	0	0.14315380156040192	-17.0	-17.801235387230708	473.7853887081146
20	8	2193	0	0.8374784588813782	-13.0	-17.7532230333584	477.1234209537506
20	9	2035	1	0.7820482850074768	-12.0	-17.695690803024817	480.2642056941986
21	0	3304	1	0.7751113772392273	-7.0	-17.58873389499457	489.2008378505707
21	1	2559	1	0.6479440927505493	-11.0	-17.522846556044623	493.12598490715027
21	2	2867	1	0.8580000400543213	-11.0	-17.457618090484175	497.4481637477875
21	3	2586	0	0.9944220185279846	-12.0	-17.403041909579333	501.4200749397278
21	4	2549	1	0.9712702035903931	-15.0	-17.37901149048354	505.30988478660583
21	5	2118	1	0.7516688704490662	-15.0	-17.3552213755787	508.52673983573914
21	6	2258	1	0.3819171190261841	-11.0	-17.291669161822913	511.95531272888184
21	7	2638	0	0.8838100433349609	-14.0	-17.258752470204684	515.9901278018951
21	8	2578	0	0.6851896047592163	-14.0	-17.22616494550264	519.9385180473328
21	9	2999	1	0.9141044020652771	-14.0	-17.193903296047612	524.5338819026947
22	0	2236	1	0.939643919467926	-15.0	-17.171964263087133	531.8801758289337
22	1	2152	0	0.5371752977371216	-14.0	-17.14024462045626	535.1640148162842
22	2	2198	0	0.9556757211685181	-11.0	-17.078842174251697	538.5066878795624
22	3	2001	0	0.7835792303085327	-15.0	-17.058053752509178	541.4911749362946
22	4	2883	1	0.6811981201171875	-14.0	-17.027473214984088	545.8326778411865
22	5	2238	0	0.34153178334236145	-17.0	-17.027198482834248	549.2772009372711
22	6	3402	1	0.7253468632698059	-6.0	-16.916926498005903	554.5048036575317
22	7	2994	0	0.5625782608985901	-7.0	-16.817757233025844	559.1362717151642
22	8	1870	0	0.5939112305641174	-17.0	-16.819579660695588	562.0022668838501
22	9	1934	1	0.9405094385147095	-15.0	-16.80138386408863	564.9799580574036
23	0	2796	1	0.9886160492897034	-13.0	-16.763370025447745	573.1583197116852
23	1	2215	1	0.9534174203872681	-16.0	-16.75573632519327	576.5602519512177
23	2	2660	1	0.3240969479084015	-10.0	-16.688178961941336	580.6705617904663
23	3	2982	0	0.5661793947219849	-11.0	-16.631297172321922	585.2816557884216
23	4	2395	0	0.48277032375335693	-16.0	-16.624984200598703	588.9667840003967
23	5	2780	1	0.5727453231811523	-15.0	-16.608734358592717	593.2747666835785
23	6	2874	1	0.6727582216262817	-2.0	-16.462647015006787	597.6975057125092
23	7	2996	0	0.9067363739013672	-9.0	-16.38802054485672	602.282721042633
23	8	2144	0	0.448977530002594	-16.0	-16.38414033940815	605.5716638565063
23	9	2495	0	0.9377564787864685	-13.0	-16.35029893601407	609.4702787399292
24	0	2792	1	0.9925771355628967	-13.0	-16.31679594665393	617.626895904541
24	1	3816	0	0.4193008244037628	-1.0	-16.163627987187393	623.4598278999329
24	2	2718	0	0.7214303612709045	-10.0	-16.10199170731552	627.6898047924042
24	3	2822	1	0.37458038330078125	-7.0	-16.010971790242365	632.0161647796631
24	4	2767	0	0.5428131818771362	-7.0	-15.920862072339942	636.2713029384613
24	5	2093	1	0.7041473388671875	-14.0	-15.901653451616543	639.5101737976074
24	6	2785	1	0.7103443145751953	-8.0	-15.822636917100377	643.8148066997528
24	7	3159	0	0.7474884390830994	-6.0	-15.724410547929374	648.6943407058716
24	8	3072	1	0.525732696056366	-10.0	-15.66716644245008	653.4191076755524
24	9	3458	1	0.9465225338935852	5.0	-15.460494778025579	658.7712597846985
25	0	3262	0	0.8026927709579468	-10.0	-15.405889830245323	667.6143548488617
25	1	2630	1	0.8648309707641602	-16.0	-15.41183093194287	671.6508247852325
25	2	2580	1	0.9159551858901978	-14.0	-15.397712622623441	675.6044716835022
25	3	2828	1	0.7095467448234558	-12.0	-15.363735496397206	679.9346287250519
25	4	3033	1	0.9702409505844116	12.0	-15.090098141433234	684.6503648757935
25	5	3166	0	0.9999830722808838	-4.0	-14.9791971600189	689.5254709720612
25	6	3017	1	0.44661009311676025	-10.0	-14.929405188418711	694.0977268218994
25	7	4322	1	0.9691900014877319	-2.0	-14.800111136534523	700.7151927947998
25	8	2917	0	0.6941310167312622	-6.0	-14.712110025169178	705.1584010124207
25	9	2845	1	0.49268603324890137	-10.0	-14.664988924917486	709.5027079582214
26	0	2989	1	0.9924131035804749	8.0	-14.43833903566831	718.0566267967224
26	1	3247	1	0.920348048210144	-7.0	-14.363955645311627	722.9912118911743
26	2	3053	0	0.5419631004333496	-9.0	-14.31031608885851	727.649181842804
26	3	4140	1	0.633456289768219	-4.0	-14.207212927969923	734.0664730072021
26	4	4267	0	0.9190894961357117	-2.0	-14.085140798690224	740.6761820316315
26	5	3370	0	0.3395128846168518	-5.0	-13.994289390703322	745.8071508407593
26	6	3650	1	0.9893608689308167	-8.0	-13.93434649679629	751.4967448711395
26	7	3074	1	0.5210437178611755	-10.0	-13.895003031828326	756.1696996688843
26	8	3170	1	0.9883579611778259	3.0	-13.726053001510042	761.039363861084
26	9	3339	1	0.39253470301628113	-6.0	-13.648792471494943	766.2449877262115
27	0	3176	1	0.61773681640625	-9.0	-13.602304546779994	775.0348968505859
27	1	3679	1	0.9077598452568054	-5.0	-13.516281501312195	780.6611247062683
27	2	2690	1	0.9795497059822083	15.0	-13.231118686299073	784.7426607608795
27	3	3934	1	0.9998024106025696	2.0	-13.078807499436083	790.7831978797913
27	4	3872	0	0.3645567297935486	-3.0	-12.97801942444172	796.724328994751
27	5	3697	1	0.6506689190864563	-8.0	-12.928239230197303	802.4440739154816
27	6	3418	1	0.714607834815979	-4.0	-12.838956837895328	807.7480609416962
27	7	3839	1	0.9873313307762146	3.0	-12.680567269516375	813.6342117786407
27	8	4862	0	0.2922160029411316	-2.0	-12.57376159682121	821.1312718391418
27	9	4219	0	0.03318948298692703	-5.0	-12.498023980852999	827.6058030128479
28	0	3708	1	0.7195453643798828	-6.0	-12.43304374104447	837.2017097473145
28	1	2433	0	0.5725608468055725	-13.0	-12.438713303634026	840.954541683197
28	2	3167	0	0.17486383020877838	-4.0	-12.354326170597686	845.8016576766968
28	3	2786	1	0.5334559679031372	-13.0	-12.360782908891709	850.0721936225891
28	4	2636	1	0.9771317839622498	13.0	-12.107175079802792	854.174587726593
28	5	2578	1	0.9771317839622498	18.0	-11.806103329004763	858.1410849094391
28	6	3679	1	0.5517287254333496	-5.0	-11.738042295714717	863.7850158214569
28	7	3170	1	0.9828729033470154	3.0	-11.59066187275757	868.7002267837524
28	8	3263	1	0.8235869407653809	-8.0	-11.554755254029994	873.7270498275757
28	9	3038	1	0.9843989610671997	10.0	-11.339207701489693	878.4408118724823
29	0	4445	1	0.9998204112052917	3.0	-11.195815624474797	889.2699768543243
29	1	2987	1	0.8250610828399658	-4.0	-11.123857468230048	893.8401157855988
29	2	4352	1	0.962131917476654	2.0	-10.992618893547748	900.450630903244
29	3	2985	0	0.6792393326759338	-16.0	-11.042692704612271	904.9991879463196
29	4	4434	0	0.9187506437301636	-4.0	-10.972265777566149	911.7806658744812
29	5	4317	1	0.9404181838035583	-4.0	-10.902543119790487	918.4014899730682
29	6	3088	1	0.4094017446041107	-10.0	-10.893517688592581	923.1939587593079
29	7	2701	1	0.962131917476654	13.0	-10.654582511706655	927.4040749073029
29	8	3254	0	0.7370993494987488	-7.0	-10.618036686589589	932.4103889465332
29	9	3606	1	0.8919166326522827	-7.0	-10.581856319723693	938.0036900043488
30	0	3327	1	0.9999344348907471	7.0	-10.406037756526455	947.0811047554016
30	1	3132	0	0.9112344980239868	-12.0	-10.42197737896119	951.8412568569183
30	2	4894	0	0.9957221746444702	-1.0	-10.327757605171577	959.3420197963715
30	3	3171	1	0.9636552333831787	8.0	-10.144480029119862	964.2083537578583
30	4	2782	1	0.9811437129974365	14.0	-9.903035228828662	968.4582090377808
30	5	4547	1	0.9565761089324951	-6.0	-9.864004876540376	975.4606168270111
30	6	4427	1	0.7884829640388489	-4.0	-9.805364827774971	982.2690708637238
30	7	3629	1	0.9636552333831787	2.0	-9.687311179497222	987.8654978275299
30	8	3380	1	0.9636552333831787	11.0	-9.48043806770225	993.1117758750916
30	9	3531	1	0.9999028444290161	10.0	-9.285633687025229	998.5536530017853
31	0	3359	1	0.9859060049057007	8.0	-9.112777350154976	1007.7629246711731
31	1	3268	1	0.990911066532135	7.0	-8.951649576653427	1012.788153886795
31	2	2578	1	0.9859060049057007	13.0	-8.732133080886891	1016.7656986713409
31	3	4217	1	0.9579383730888367	-5.0	-8.694811750078022	1023.1995730400085
31	4	3834	1	0.9859060049057007	3.0	-8.577863632577243	1029.028384923935
31	5	3147	1	0.990911066532135	14.0	-8.35208499625147	1033.8352618217468
31	6	3261	1	0.990911066532135	9.0	-8.178564146288956	1038.8260159492493
31	7	4651	1	0.9998944997787476	4.0	-8.056778504826067	1046.0157120227814
31	8	5143	0	0.49910417199134827	-1.0	-7.986210719777806	1053.9777019023895
31	9	3689	1	0.990911066532135	4.0	-7.866348612580028	1059.6459619998932
32	0	4688	1	0.9999704360961914	1.0	-7.7776851264542275	1070.9514849185944
32	1	3636	1	0.9966540336608887	14.0	-7.559908275189685	1076.5549938678741
32	2	2690	1	0.9966540336608887	15.0	-7.334309192437788	1080.6553738117218
32	3	3698	1	0.9959076642990112	7.0	-7.19096610051341	1086.3009207248688
32	4	4352	1	0.713579535484314	-3.0	-7.149056439508276	1093.0075106620789
32	5	3670	1	0.9966540336608887	6.0	-7.017565875113194	1098.690197944641
32	6	3809	0	0.5830985307693481	-3.0	-6.977390216362062	1104.4969646930695
32	7	3838	0	0.7726114988327026	-9.0	-6.997616314198441	1110.4187438488007
32	8	3293	1	0.9954075217247009	10.0	-6.827640151056457	1115.508552789688
32	9	4090	1	0.999916672706604	6.0	-6.699363749545893	1121.902715921402
33	0	4465	0	0.9956730008125305	-5.0	-6.6823701120504335	1132.7339978218079
33	1	4749	1	0.9999700784683228	3.0	-6.585546410929929	1140.0412998199463
33	2	3292	1	0.997744083404541	10.0	-6.41969094682063	1145.099711894989
33	3	3551	1	0.997744083404541	6.0	-6.295494037352424	1150.5203998088837
33	4	3516	1	0.9981887936592102	7.0	-6.162539096978899	1155.9100909233093
33	5	3215	1	0.9964304566383362	7.0	-6.03091370600911	1160.847280740738
33	6	3764	0	0.6122261881828308	-8.0	-6.050604568949018	1166.6305978298187
33	7	4573	1	0.9999700784683228	1.0	-5.980098523259528	1173.6993288993835
33	8	4500	1	0.9998531341552734	8.0	-5.840297538026933	1180.741741657257
33	9	4696	1	0.9934030175209045	1.0	-5.771894562646664	1187.9543406963348
34	0	3754	1	0.9978368878364563	2.0	-5.694175617020198	1197.7952439785004
34	1	3686	1	0.9968120455741882	4.0	-5.597233860849996	1203.4396517276764
34	2	4131	1	0.9718332290649414	12.0	-5.421261522241496	1209.7307047843933
34	3	3806	1	0.9999529123306274	9.0	-5.277048907019081	1215.5468258857727
34	4	2882	1	0.9979525804519653	13.0	-5.09427841794889	1219.9605267047882
34	5	4601	1	0.9997116923332214	2.0	-5.023335633769401	1226.9744057655334
34	6	3746	1	0.9984567165374756	4.0	-4.933102277431707	1232.7363719940186
34	7	2967	1	0.9979525804519653	14.0	-4.74377125465739	1237.2941567897797
34	8	3356	0	0.9815966486930847	15.0	-4.5463335421108155	1242.4126658439636
34	9	4913	1	0.9997685551643372	5.0	-4.450870206689707	1249.903012752533
35	0	4640	0	0.9867609739303589	4.0	-4.36636150462281	1261.0769398212433
35	1	3835	1	0.9999815225601196	10.0	-4.222697889576582	1266.8661818504333
35	2	2923	0	0.2169460654258728	-13.0	-4.310470910680817	1271.3363819122314
35	3	4554	1	0.998820960521698	3.0	-4.237366201574008	1278.2847690582275
35	4	4602	1	0.9984123706817627	2.0	-4.174992539558268	1285.2294878959656
35	5	3530	1	0.9978606104850769	10.0	-4.033242614162686	1290.6646687984467
35	6	4217	1	0.999927282333374	9.0	-3.902910188021059	1297.0843977928162
35	7	3292	1	0.996647298336029	10.0	-3.7638810861408483	1302.1129846572876
35	8	4357	1	0.9984123706817627	2.0	-3.7062422752794397	1308.7775087356567
35	9	3661	1	0.9984123706817627	8.0	-3.5891798525266454	1314.375739812851
36	0	3681	1	0.9984116554260254	9.0	-3.463288054001379	1324.0842838287354
36	1	2240	1	0.9967029690742493	19.0	-3.238655173461365	1327.4482548236847
36	2	2465	1	0.9967029690742493	16.0	-3.046268621726751	1331.1938118934631
36	3	4683	1	0.8869337439537048	3.0	-2.9858059355094837	1338.2780067920685
36	4	3006	1	0.9984116554260254	11.0	-2.845947876154389	1342.8314859867096
36	5	3431	1	0.996182382106781	18.0	-2.6374883973928447	1348.0970680713654
36	6	3767	1	0.9967029690742493	5.0	-2.5611135134189165	1353.8932328224182
36	7	4482	1	0.9993595480918884	7.0	-2.4655023782847274	1360.7943696975708
36	8	3204	1	0.9985753297805786	14.0	-2.30084735450188	1365.8729627132416
36	9	3108	1	0.9984116554260254	10.0	-2.177838880956861	1370.7031617164612
37	0	3210	0	0.9899839162826538	19.0	-1.9660604921472924	1379.5998919010162
37	1	2697	1	0.9983565211296082	13.0	-1.8163998872258196	1383.6960320472717
37	2	2362	1	0.9977091550827026	19.0	-1.6082358883535615	1387.3481867313385
37	3	2781	1	0.9983565211296082	14.0	-1.4521535294700256	1391.5927438735962
37	4	3199	1	0.9983565211296082	9.0	-1.3476319941753252	1396.4590966701508
37	5	2559	1	0.996402382850647	17.0	-1.164155674233572	1400.4518158435822
37	6	3285	1	0.9983565211296082	10.0	-1.052514117491236	1405.4598007202148
37	7	2532	1	0.996402382850647	16.0	-0.8819889763163237	1409.3829979896545
37	8	2750	1	0.996402382850647	15.0	-0.7231690865531604	1413.598956823349
37	9	4079	1	0.9978705644607544	10.0	-0.6159373956876287	1419.8848168849945
38	0	2979	1	0.9971043467521667	17.0	-0.4397780217307524	1428.2815890312195
38	1	3241	1	0.9957297444343567	13.0	-0.3053802415134449	1433.2089848518372
38	2	3270	0	0.9905481934547424	14.0	-0.1623264390983104	1438.2191789150238
38	3	3289	1	0.997234046459198	15.0	-0.010703174707327318	1443.2329070568085
38	4	3570	0	0.9905481934547424	14.0	0.12940385703974597	1448.6906938552856
38	5	3165	1	0.9999397993087769	15.0	0.2781098184693485	1453.5189287662506
38	6	4189	1	0.9790918231010437	10.0	0.375328720284655	1459.924469947815
38	7	3838	1	0.9999284744262695	8.0	0.4515754330818085	1465.8186297416687
38	8	2469	1	0.9957297444343567	16.0	0.6070596787509904	1469.6006138324738
38	9	2924	1	0.9957297444343567	15.0	0.7509890819634806	1474.113184928894
39	0	2794	0	0.9945776462554932	17.0	0.9134791911438458	1482.3049478530884
39	1	3242	1	0.9999814033508301	13.0	1.0343443992324073	1487.2079088687897
39	2	3280	0	0.9945776462554932	10.0	1.1240009552400834	1492.2044186592102
39	3	2869	1	0.9989233613014221	20.0	1.3127609456876825	1496.6190438270569
39	4	4091	1	0.9960559606552124	1.0	1.3096333362308057	1502.7788276672363
39	5	3648	1	0.9975972771644592	10.0	1.3965370028684978	1508.3187007904053
39	6	3206	1	0.9975972771644592	14.0	1.5225716328398127	1513.2006509304047
39	7	2761	1	0.9871806502342224	18.0	1.6873459165114144	1517.4944009780884
39	8	2687	1	0.9960559606552124	15.0	1.8204724573463003	1521.5817458629608
39	9	3441	0	0.9945776462554932	14.0	1.9422677327728373	1526.9110417366028
40	0	3008	1	0.9979304075241089	11.0	2.032845055445109	1535.4012067317963
40	1	3059	1	0.9967877864837646	13.0	2.1425166048906576	1540.074810743332
40	2	3287	1	0.997491717338562	10.0	2.2210914388417513	1545.2482647895813
40	3	3394	0	0.9958168864250183	12.0	2.3188805244533337	1550.4648299217224
40	4	2877	0	0.9958168864250183	18.0	2.4756917192088004	1554.8092567920685
40	5	2627	1	0.9967877864837646	15.0	2.6009348020167122	1558.791865825653
40	6	2974	0	0.9958168864250183	17.0	2.744925453996545	1563.336298942566
40	7	2704	1	0.9967877864837646	18.0	2.89747619945658	1567.5082938671112
40	8	2750	0	0.9958168864250183	20.0	3.068501437462014	1571.7318699359894
40	9	3296	0	0.9958168864250183	13.0	3.1678164230873938	1576.7014939785004
41	0	2720	0	0.9957391023635864	19.0	3.3261382588565196	1584.723270893097
41	1	2815	0	0.9957391023635864	18.0	3.4728768762679545	1589.060332775116
41	2	2434	1	0.9967023730278015	17.0	3.608148107505275	1592.8113129138947
41	3	3599	1	0.9999653100967407	13.0	3.7020666264302218	1598.30832695961
41	4	2491	1	0.9945853352546692	12.0	3.7850459601659194	1602.0759029388428
41	5	2335	1	0.9945853352546692	18.0	3.9271955005642605	1605.6281478404999
41	6	2506	1	0.9967023730278015	15.0	4.037923545558618	1609.4161088466644
41	7	2325	1	0.9945853352546692	20.0	4.197544310103032	1612.942272901535
41	8	3055	1	0.9999903440475464	13.0	4.285568867002001	1617.6530718803406
41	9	2797	1	0.9967023730278015	17.0	4.412713178331981	1621.8711349964142
42	0	3131	1	0.9978798627853394	16.0	4.528586046548662	1630.519259929657
42	1	3045	0	0.9955975413322449	15.0	4.633300186083176	1635.1660358905792
42	2	2751	0	0.9966380596160889	20.0	4.786967184222344	1639.3174090385437
42	3	2590	0	0.9966380596160889	21.0	4.949097512380121	1643.190213918686
42	4	2386	1	0.995612382888794	20.0	5.09960653725632	1646.8029758930206
42	5	2762	0	0.9966380596160889	18.0	5.228610471883757	1651.0227568149567
42	6	2996	1	0.999924898147583	18.0	5.356324367164919	1655.5528707504272
42	7	2589	0	0.9966380596160889	21.0	5.512761123493269	1659.500406742096
42	8	2592	0	0.9966380596160889	21.0	5.667633512258337	1663.5332479476929
42	9	3109	1	0.995612382888794	10.0	5.710957177135753	1668.2917098999023
43	0	3744	1	0.9982638955116272	11.0	5.763847605364395	1677.7093987464905
43	1	2376	1	0.9976775050163269	17.0	5.876209129310751	1681.331949710846
43	2	2588	0	0.9973300695419312	21.0	6.027447038017643	1685.2625868320465
43	3	2589	0	0.9973300695419312	21.0	6.1771725676374665	1689.215099811554
43	4	3623	1	0.9982638955116272	4.0	6.155400841961092	1694.719626903534
43	5	3089	1	0.9976775050163269	14.0	6.233846833541481	1699.4196889400482
43	6	3400	1	0.9975852966308594	12.0	6.291508365206067	1704.5633389949799
43	7	3421	1	0.9976775050163269	8.0	6.308593281554006	1709.8332569599152
43	8	2587	0	0.9973300695419312	21.0	6.4555073487384655	1713.7567949295044
43	9	3822	1	0.9975852966308594	7.0	6.460952275251081	1719.59974193573
44	0	2587	0	0.9980702996253967	21.0	6.606342752498571	1727.4239056110382
44	1	2493	1	0.9965404272079468	17.0	6.710279324973585	1731.1522529125214
44	2	2699	1	0.9977834820747375	18.0	6.823176531723848	1735.2959439754486
44	3	3153	1	0.9978185892105103	12.0	6.8749447664066095	1740.1761989593506
44	4	2590	0	0.9980702996253967	21.0	7.016195318742543	1744.1407749652863
44	5	3428	1	0.9978185892105103	13.0	7.0760333655551175	1749.4011809825897
44	6	3330	0	0.9980702996253967	12.0	7.1252730318995665	1754.5511586666107
44	7	2842	0	0.9980702996253967	19.0	7.244020301580571	1758.9559376239777
44	8	3255	0	0.9980702996253967	16.0	7.331580098564766	1763.9310038089752
44	9	3565	1	0.9965404272079468	9.0	7.348264297579118	1769.4246318340302
45	0	4902	1	0.9984470009803772	2.0	7.294781654603327	1780.8071148395538
45	1	3724	1	0.9984470009803772	8.0	7.301833838057293	1786.4896898269653
45	2	2649	1	0.9966517090797424	16.0	7.388815499676721	1790.5529069900513
45	3	2401	1	0.9979678988456726	18.0	7.494927344679953	1794.234927892685
45	4	4148	1	0.9979678988456726	3.0	7.449978071233153	1800.5169489383698
45	5	2975	0	0.9973976612091064	17.0	7.545478290520822	1805.001250743866
45	6	2675	1	0.9979678988456726	17.0	7.640023507615614	1809.0297458171844
45	7	2889	0	0.9973976612091064	16.0	7.723623272539458	1813.429782629013
45	8	3323	0	0.9973976612091064	14.0	7.786387039814063	1818.51233792305
45	9	2663	0	0.9973976612091064	19.0	7.898523169415922	1822.5841610431671
46	0	3051	1	0.9988786578178406	15.0	7.969537937721763	1831.207937002182
46	1	2363	1	0.9975566864013672	19.0	8.079842558344545	1834.8508648872375
46	2	2941	0	0.9965544939041138	13.0	8.1290441327611	1839.2900159358978
46	3	4282	0	0.9965544939041138	4.0	8.087753691433488	1845.7685849666595
46	4	2586	0	0.99760901927948	21.0	8.216876154519154	1849.7274928092957
46	5	2698	0	0.99760901927948	18.0	8.314707392973961	1853.794008731842
46	6	2746	0	0.9965544939041138	20.0	8.431560319044221	1858.0424859523773
46	7	2547	1	0.9975566864013672	19.0	8.53724471585378	1861.924201965332
46	8	2760	0	0.99760901927948	18.0	8.631872268695242	1866.1305646896362
46	9	2951	0	0.99760901927948	16.0	8.70555354600829	1870.6590058803558
47	0	2432	1	0.9990383386611938	17.0	8.788498010548206	1878.1983697414398
47	1	3132	0	0.9965735673904419	16.0	8.860613030442725	1882.9929628372192
47	2	3936	0	0.9999995231628418	-1.0	8.762006900138298	1889.058506011963
47	3	2884	1	0.9990383386611938	11.0	8.784386831136914	1893.47447681427
47	4	2390	1	0.9990383386611938	20.0	8.896542962825544	1897.0107867717743
47	5	4375	1	0.9839791059494019	-4.0	8.76757753319729	1903.533320903778
47	6	2747	1	0.9990383386611938	15.0	8.829901757865317	1907.6570796966553
47	7	3528	1	0.9990383386611938	10.0	8.841602740286664	1913.0536749362946
47	8	3609	1	0.9992496371269226	13.0	8.883186712883798	1918.5493319034576
47	9	2630	0	0.997744083404541	20.0	8.994354845754959	1922.5852947235107
48	0	2591	0	0.997901439666748	21.0	9.11441129729741	1930.417345046997
48	1	3130	0	0.997901439666748	16.0	9.183267184324436	1935.1815328598022
48	2	2216	1	0.9993129968643188	18.0	9.271434512481191	1938.5447018146515
48	3	2896	1	0.9988197684288025	16.0	9.33872016735638	1942.9680609703064
48	4	2586	0	0.997901439666748	21.0	9.455332965682818	1946.8362329006195
48	5	2902	1	0.9993129968643188	14.0	9.50077963602599	1951.2077538967133
48	6	2589	0	0.997901439666748	21.0	9.615771839665731	1955.0235657691956
48	7	2373	1	0.9992642998695374	17.0	9.689614121269074	1958.6159596443176
48	8	2685	0	0.997901439666748	20.0	9.792717980056382	1962.6542418003082
48	9	2954	1	0.9993129968643188	16.0	9.854790800255818	1967.2003200054169
49	0	2462	1	0.9993624091148376	18.0	9.93624289225326	1974.79443192482
49	1	2591	0	0.9981226325035095	21.0	10.046880463330728	1978.8105919361115
49	2	2821	0	0.997101366519928	18.0	10.126411658697421	1983.0184788703918
49	3	2328	1	0.9993624091148376	20.0	10.225147542110447	1986.5158338546753
49	4	3298	0	0.997101366519928	13.0	10.252896066689344	1991.555567741394
49	5	3058	1	0.9995276927947998	13.0	10.280367106022451	1996.1103706359863
49	6	4134	0	0.9153645038604736	-4.0	10.137563434962228	2002.2879807949066
49	7	2745	0	0.9981226325035095	20.0	10.236187800612605	2006.467810869217
49	8	2486	1	0.9989866614341736	19.0	10.323825922606478	2010.27592587471
49	9	4537	1	0.7471175193786621	-3.0	10.190587663380413	2017.1102328300476
