0	0	755	0	0.9050216674804688	-21.0	-21.0	1.3269340991973877
0	1	757	1	0.6199289560317993	-21.0	-21.0	2.5229780673980713
0	2	759	1	0.6199289560317993	-21.0	-21.0	3.7177252769470215
0	3	755	0	0.35493847727775574	-21.0	-21.0	4.894650220870972
0	4	756	0	0.9532214403152466	-21.0	-21.0	6.064830303192139
0	5	760	0	0.9219715595245361	-21.0	-21.0	7.267028093338013
0	6	759	0	0.9204585552215576	-21.0	-21.0	8.468806266784668
0	7	755	0	0.9532214403152466	-21.0	-21.0	9.694267272949219
0	8	754	0	0.9204585552215576	-21.0	-21.0	10.914881229400635
0	9	760	0	0.7139937281608582	-21.0	-21.0	12.133958339691162
1	0	757	1	0.6705941557884216	-21.0	-21.0	16.983864068984985
1	1	756	0	0.329405814409256	-21.0	-21.0	18.193522214889526
1	2	755	0	0.329405814409256	-21.0	-21.0	19.401081085205078
1	3	759	0	0.8961130976676941	-21.0	-21.0	20.607904195785522
1	4	755	0	0.905704915523529	-21.0	-21.0	21.814640283584595
1	5	754	0	0.5808773636817932	-21.0	-21.0	23.029461145401
1	6	759	0	0.9322046041488647	-21.0	-21.0	24.2690691947937
1	7	757	0	0.9337501525878906	-21.0	-21.0	25.468894958496094
1	8	754	0	0.7108604311943054	-21.0	-21.0	26.66320824623108
1	9	757	0	0.329405814409256	-21.0	-21.0	27.85602116584778
2	0	758	0	0.9705702066421509	-21.0	-21.0	32.71015501022339
2	1	756	0	0.9543671011924744	-21.0	-21.0	33.9020562171936
2	2	758	1	0.6454108357429504	-21.0	-21.0	35.104172229766846
2	3	758	0	0.9602516889572144	-21.0	-21.0	36.320921182632446
2	4	758	0	0.908290445804596	-21.0	-21.0	37.54301309585571
2	5	756	0	0.731576681137085	-21.0	-21.0	38.7406222820282
2	6	757	0	0.9290441274642944	-21.0	-21.0	39.917874336242676
2	7	761	0	0.9805493950843811	-21.0	-21.0	41.10778212547302
2	8	755	0	0.5727270245552063	-21.0	-21.0	42.31937098503113
2	9	756	0	0.9705702066421509	-21.0	-21.0	43.53629207611084
3	0	757	0	0.8953364491462708	-21.0	-21.0	48.328869104385376
3	1	755	0	0.9292889833450317	-21.0	-21.0	49.515984296798706
3	2	755	0	0.9563229084014893	-21.0	-21.0	50.701242208480835
3	3	760	0	0.9448673725128174	-21.0	-21.0	51.90509104728699
3	4	760	1	0.6935190558433533	-21.0	-21.0	53.113954067230225
3	5	758	0	0.6716654300689697	-21.0	-21.0	54.34375238418579
3	6	759	0	0.7036847472190857	-21.0	-21.0	55.54419422149658
3	7	758	0	0.7741527557373047	-21.0	-21.0	56.75830411911011
3	8	758	0	0.6659799814224243	-21.0	-21.0	57.97947120666504
3	9	755	0	0.47835221886634827	-21.0	-21.0	59.199257135391235
4	0	760	0	0.5563015341758728	-21.0	-21.0	63.99574518203735
4	1	756	1	0.6063514947891235	-21.0	-21.0	65.1953661441803
4	2	754	1	0.686711847782135	-21.0	-21.0	66.4008481502533
4	3	760	1	0.686711847782135	-21.0	-21.0	67.61177611351013
4	4	754	1	0.6071358919143677	-21.0	-21.0	68.80248427391052
4	5	754	0	0.6864100694656372	-21.0	-21.0	69.9952483177185
4	6	755	1	0.686711847782135	-21.0	-21.0	71.21009016036987
4	7	760	0	0.6165712475776672	-21.0	-21.0	72.43700623512268
4	8	756	0	0.8662885427474976	-21.0	-21.0	73.63101530075073
4	9	757	0	0.9677435159683228	-21.0	-21.0	74.8401300907135
5	0	758	1	0.31243398785591125	-21.0	-21.0	79.702721118927
5	1	759	1	0.33060577511787415	-21.0	-21.0	80.8759412765503
5	2	756	1	0.6635414958000183	-21.0	-21.0	82.09223914146423
5	3	760	0	0.9494636058807373	-21.0	-21.0	83.30563926696777
5	4	758	0	0.9667510390281677	-21.0	-21.0	84.5177710056305
5	5	758	0	0.5936732292175293	-21.0	-21.0	85.69409203529358
5	6	760	0	0.9376646876335144	-21.0	-21.0	86.8770821094513
5	7	757	1	0.31243398785591125	-21.0	-21.0	88.0932252407074
5	8	755	0	0.6255123019218445	-21.0	-21.0	89.28944635391235
5	9	757	1	0.5978609323501587	-21.0	-21.0	90.4924521446228
6	0	761	1	0.47725650668144226	-21.0	-21.0	95.35815715789795
6	1	760	0	0.9186943173408508	-21.0	-21.0	96.55729007720947
6	2	755	0	0.9263501167297363	-21.0	-21.0	97.74241209030151
6	3	759	0	0.7552229762077332	-21.0	-21.0	98.95918416976929
6	4	756	0	0.43161341547966003	-21.0	-21.0	100.18070125579834
6	5	761	0	0.6141756772994995	-21.0	-21.0	101.40544319152832
6	6	757	0	0.7043412923812866	-21.0	-21.0	102.59383511543274
6	7	757	1	0.4586043059825897	-21.0	-21.0	103.80305218696594
6	8	755	0	0.5873898863792419	-21.0	-21.0	104.99795413017273
6	9	758	0	0.3563060760498047	-21.0	-21.0	106.217844247818
7	0	761	1	0.44013774394989014	-21.0	-21.0	111.04422521591187
7	1	756	0	0.8774018883705139	-21.0	-21.0	112.26190114021301
7	2	820	0	0.6121752262115479	-21.0	-21.0	113.5725769996643
7	3	761	0	0.8774018883705139	-21.0	-21.0	114.78805208206177
7	4	758	1	0.21274736523628235	-21.0	-21.0	115.99429035186768
7	5	972	0	0.6325876116752625	-20.0	-20.99	117.54383826255798
7	6	761	0	0.8726047873497009	-21.0	-20.990099999999998	118.76376223564148
7	7	757	0	0.5720826387405396	-21.0	-20.990199	119.98048996925354
7	8	757	0	0.8774018883705139	-21.0	-20.990297010000003	121.19270014762878
7	9	755	0	0.8875763416290283	-21.0	-20.990394039900004	122.39861512184143
8	0	757	0	0.50766921043396	-21.0	-20.990490099501002	127.2953610420227
8	1	756	1	0.5919152498245239	-21.0	-20.990585198505993	128.51571202278137
8	2	760	0	0.40247055888175964	-21.0	-20.990679346520935	129.75932717323303
8	3	758	0	0.08768735826015472	-21.0	-20.990772553055727	131.01908826828003
8	4	761	0	0.7039176821708679	-21.0	-20.990864827525172	132.27067804336548
8	5	759	0	0.42170318961143494	-21.0	-20.99095617924992	133.50105619430542
8	6	756	1	0.4427838623523712	-21.0	-20.99104661745742	134.69102001190186
8	7	761	1	0.597529411315918	-21.0	-20.99113615128285	135.90582036972046
8	8	822	1	0.5445452928543091	-21.0	-20.99122478977002	137.22885727882385
8	9	756	1	0.7335457801818848	-21.0	-20.99131254187232	138.43989610671997
9	0	761	0	0.34539076685905457	-21.0	-20.991399416453596	143.29497599601746
9	1	761	1	0.6887015104293823	-21.0	-20.99148542228906	144.52431106567383
9	2	758	0	0.4909049868583679	-21.0	-20.99157056806617	145.74203610420227
9	3	816	0	0.38464516401290894	-21.0	-20.99165486238551	147.0412962436676
9	4	758	1	0.5402538776397705	-21.0	-20.991738313761655	148.25736927986145
9	5	759	0	0.38464516401290894	-21.0	-20.991820930624037	149.47648930549622
9	6	756	0	0.37675490975379944	-21.0	-20.991902721317796	150.69774794578552
9	7	761	1	0.5828937292098999	-21.0	-20.99198369410462	151.96976613998413
9	8	754	1	0.623245120048523	-21.0	-20.992063857163572	153.17284035682678
9	9	755	0	0.7139668464660645	-21.0	-20.992143218591938	154.3879690170288
10	0	755	1	0.5468580722808838	-21.0	-20.99222178640602	159.25994324684143
10	1	754	1	0.722076952457428	-21.0	-20.99229956854196	160.46568703651428
10	2	756	1	0.8719899654388428	-21.0	-20.99237657285654	161.66736221313477
10	3	756	1	0.8122842311859131	-21.0	-20.992452807127975	162.87771916389465
10	4	755	0	0.7180242538452148	-21.0	-20.992528279056696	164.0906262397766
10	5	757	1	0.8871381282806396	-21.0	-20.99260299626613	165.2987072467804
10	6	756	0	0.2685587704181671	-21.0	-20.992676966303467	166.5099813938141
10	7	756	1	0.2819756865501404	-21.0	-20.992750196640433	167.71994709968567
10	8	760	1	0.654679536819458	-21.0	-20.99282269467403	168.93495726585388
10	9	760	0	0.19316042959690094	-21.0	-20.99289446772729	170.15153408050537
11	0	755	0	0.7127330303192139	-21.0	-20.992965523050017	174.9680051803589
11	1	755	0	0.9939025640487671	-21.0	-20.99303586781952	176.1718499660492
11	2	754	0	0.552635133266449	-21.0	-20.993105509141323	177.38512420654297
11	3	820	0	0.696137547492981	-21.0	-20.99317445404991	178.69775915145874
11	4	758	0	0.33072638511657715	-21.0	-20.993242709509413	179.91544222831726
11	5	758	0	0.7830662131309509	-21.0	-20.99331028241432	181.1357982158661
11	6	760	0	0.850744366645813	-21.0	-20.993377179590176	182.35302710533142
11	7	758	1	0.6630702614784241	-21.0	-20.993443407794274	183.5722692012787
11	8	759	0	0.8115535378456116	-21.0	-20.99350897371633	184.78552222251892
11	9	758	1	0.8232500553131104	-21.0	-20.993573883979167	185.98990631103516
12	0	755	1	0.2908259332180023	-21.0	-20.993638145139375	190.91130542755127
12	1	754	1	0.43916642665863037	-21.0	-20.99370176368798	192.11050534248352
12	2	754	1	0.5361696481704712	-21.0	-20.993764746051102	193.30573916435242
12	3	757	0	0.7733922004699707	-21.0	-20.993827098590593	194.54101610183716
12	4	756	1	0.6068071126937866	-21.0	-20.99388882760469	195.76850032806396
12	5	756	1	0.591999351978302	-21.0	-20.993949939328644	196.99397706985474
12	6	757	0	0.2711566090583801	-21.0	-20.99401043993536	198.21579122543335
12	7	757	1	0.683091938495636	-21.0	-20.994070335536005	199.4215281009674
12	8	757	0	0.5417319536209106	-21.0	-20.994129632180645	200.6226601600647
12	9	758	0	0.7279815077781677	-21.0	-20.99418833585884	201.84224319458008
13	0	756	0	0.991645872592926	-21.0	-20.994246452500253	206.79675912857056
13	1	758	1	0.9101423025131226	-21.0	-20.99430398797525	207.99537920951843
13	2	756	0	0.6181600689888	-21.0	-20.994360948095498	209.20577716827393
13	3	754	0	0.661243200302124	-21.0	-20.994417338614543	210.41137838363647
13	4	754	1	0.767337441444397	-21.0	-20.9944731652284	211.60942006111145
13	5	754	0	0.6475380659103394	-21.0	-20.994528433576114	212.7878131866455
13	6	760	1	0.3134766221046448	-21.0	-20.994583149240356	214.0070230960846
13	7	757	1	0.2559833824634552	-21.0	-20.99463731774795	215.21751713752747
13	8	759	1	0.7132782936096191	-21.0	-20.994690944570472	216.43299412727356
13	9	759	0	0.6865233182907104	-21.0	-20.994744035124768	217.64251708984375
14	0	760	1	0.6605689525604248	-21.0	-20.994796594773522	222.46583724021912
14	1	820	0	0.1308233141899109	-21.0	-20.99484862882579	223.79284811019897
14	2	756	1	0.6126696467399597	-21.0	-20.99490014253753	225.00826907157898
14	3	758	1	0.6897677183151245	-21.0	-20.994951141112157	226.2232382297516
14	4	760	0	0.7049861550331116	-21.0	-20.995001629701036	227.44085216522217
14	5	754	1	0.6605689525604248	-21.0	-20.995051613404026	228.64530038833618
14	6	757	0	0.19332066178321838	-21.0	-20.995101097269988	229.86313128471375
14	7	758	0	0.5932157635688782	-21.0	-20.99515008629729	231.09556126594543
14	8	761	0	0.6265310645103455	-21.0	-20.995198585434316	232.33030819892883
14	9	757	1	0.7244149446487427	-21.0	-20.995246599579975	233.5546612739563
15	0	1037	1	0.9830546975135803	-20.0	-20.985294133584173	238.89164113998413
15	1	756	0	0.5341678261756897	-21.0	-20.98544119224833	240.20149207115173
15	2	878	1	0.966748833656311	-21.0	-20.98558678032585	241.6371099948883
15	3	758	1	0.6305135488510132	-21.0	-20.98573091252259	242.8635561466217
15	4	757	0	0.41715627908706665	-21.0	-20.985873603397366	244.0980532169342
15	5	755	1	0.5705909729003906	-21.0	-20.986014867363394	245.3097059726715
15	6	760	1	0.624896228313446	-21.0	-20.98615471868976	246.5242223739624
15	7	760	1	0.555312991142273	-21.0	-20.986293171502865	247.7415952682495
15	8	761	1	0.317810595035553	-21.0	-20.986430239787836	248.9546980857849
15	9	760	0	0.7373982667922974	-21.0	-20.98656593738996	250.1659541130066
16	0	815	1	0.5392400026321411	-21.0	-20.98670027801606	255.06727623939514
16	1	756	1	0.6567344665527344	-21.0	-20.9868332752359	256.2450120449066
16	2	755	0	0.3998877704143524	-21.0	-20.98696494248354	257.42188119888306
16	3	938	1	0.9761236906051636	-21.0	-20.987095293058704	258.9404182434082
16	4	755	1	0.7196567058563232	-21.0	-20.98722434012812	260.1353483200073
16	5	821	0	0.4830787777900696	-21.0	-20.987352096726838	261.42843222618103
16	6	755	0	0.6886436939239502	-21.0	-20.98747857575957	262.62497210502625
16	7	757	1	0.5438783168792725	-21.0	-20.987603790001977	263.8154230117798
16	8	759	1	0.36593636870384216	-21.0	-20.987727752101957	265.0583851337433
16	9	913	0	0.015913544222712517	-20.0	-20.977850474580936	266.52282333374023
17	0	816	1	0.6592853665351868	-21.0	-20.978071969835128	271.4745180606842
17	1	974	0	0.40859782695770264	-20.0	-20.968291250136776	273.03592705726624
17	2	755	1	0.3943004906177521	-21.0	-20.96860833763541	274.2432219982147
17	3	755	1	0.6672672629356384	-21.0	-20.968922254259056	275.4608631134033
17	4	761	0	0.31415030360221863	-21.0	-20.969233031716467	276.68233919143677
17	5	977	1	0.039093103259801865	-20.0	-20.959540701399302	278.24099612236023
17	6	758	1	0.6735800504684448	-21.0	-20.95994529438531	279.4469771385193
17	7	758	0	0.5349682569503784	-21.0	-20.96034584144146	280.6509382724762
17	8	757	0	0.7640526294708252	-21.0	-20.960742383027046	281.8392913341522
17	9	818	1	0.6102989912033081	-21.0	-20.961134959196777	283.1343581676483
18	0	971	1	0.8075186014175415	-20.0	-20.95152360960481	288.2381842136383
18	1	756	0	0.3327818810939789	-21.0	-20.95200837350876	289.4408612251282
18	2	974	0	0.3327818810939789	-20.0	-20.94248828977367	290.9622530937195
18	3	1031	1	0.8134270310401917	-20.0	-20.933063406875934	292.57332825660706
18	4	756	1	0.7050784826278687	-21.0	-20.933732772807176	293.7763509750366
18	5	817	1	0.8108874559402466	-21.0	-20.934395445079105	295.0918071269989
18	6	759	1	0.8654563426971436	-21.0	-20.935051490628314	296.3001000881195
18	7	936	1	0.8504144549369812	-21.0	-20.935700975722032	297.79887104034424
18	8	1031	1	0.7050784826278687	-20.0	-20.92634396596481	299.4184241294861
18	9	1336	1	0.9714134931564331	-20.0	-20.917080526305163	301.50213503837585
19	0	754	0	0.9989306330680847	-21.0	-20.91790972104211	306.47838830947876
19	1	757	1	0.6644792556762695	-21.0	-20.918730623831692	307.6561131477356
19	2	884	1	0.9280394315719604	-21.0	-20.919543317593376	309.0341691970825
19	3	815	1	0.8987273573875427	-21.0	-20.920347884417442	310.31411027908325
19	4	817	1	0.8987273573875427	-21.0	-20.92114440557327	311.59897017478943
19	5	760	1	0.6713293790817261	-21.0	-20.921932961517538	312.8009991645813
19	6	996	1	0.4639967381954193	-21.0	-20.92271363190236	314.3557450771332
19	7	816	1	0.6849544644355774	-21.0	-20.92348649558334	315.65093302726746
19	8	878	0	0.5888425707817078	-21.0	-20.924251630627506	317.0412883758545
19	9	817	1	0.9590901136398315	-21.0	-20.92500911432123	318.36065220832825
20	0	755	0	0.7291860580444336	-21.0	-20.92575902317802	323.1866891384125
20	1	761	1	0.5907406210899353	-21.0	-20.926501432946242	324.3999111652374
20	2	820	1	0.8717738389968872	-21.0	-20.92723641861678	325.69481921195984
20	3	1038	1	0.9296115040779114	-20.0	-20.91796405443061	327.3135883808136
20	4	1230	1	0.9980676770210266	-18.0	-20.888784413886302	329.2690761089325
20	5	818	0	0.05108102783560753	-21.0	-20.88989656974744	330.57733821868896
20	6	881	0	0.5511227250099182	-21.0	-20.890997604049964	331.99044919013977
20	7	973	1	0.9336106181144714	-20.0	-20.882087628009465	333.5187683105469
20	8	755	0	0.37637683749198914	-21.0	-20.883266751729373	334.68747329711914
20	9	936	1	0.9203264117240906	-21.0	-20.88443408421208	336.13103318214417
21	0	1094	1	0.9789462685585022	-20.0	-20.87558974336996	341.50202322006226
21	1	1129	1	0.817727267742157	-19.0	-20.85683384593626	343.23706007003784
21	2	1031	1	0.8900212049484253	-20.0	-20.8482655074769	344.82587218284607
21	3	1191	1	0.8806111216545105	-19.0	-20.829782852402133	346.6210811138153
21	4	1123	1	0.8142533898353577	-21.0	-20.831485023878113	348.31600522994995
21	5	1196	1	0.8806111216545105	-19.0	-20.81317017363933	350.1387860774994
21	6	881	0	0.9957184195518494	-21.0	-20.815038471902938	351.4737732410431
21	7	1102	1	0.7848853468894958	-20.0	-20.806888087183907	353.1595072746277
21	8	1246	1	0.9974763989448547	-21.0	-20.80881920631207	355.0860149860382
21	9	820	1	0.5786657929420471	-21.0	-20.81073101424895	356.3366062641144
22	0	756	1	0.5837177038192749	-21.0	-20.81262370410646	361.17104411125183
22	1	819	1	0.677825927734375	-21.0	-20.814497467065397	362.46420407295227
22	2	758	0	0.896047830581665	-21.0	-20.816352492394746	363.65100622177124
22	3	1279	0	0.7223631143569946	-20.0	-20.808188967470798	365.6093821525574
22	4	759	0	0.999313235282898	-21.0	-20.81010707779609	366.74948811531067
22	5	1338	1	0.3736620247364044	-20.0	-20.80200600701813	368.79082322120667
22	6	1192	0	0.7449780106544495	-19.0	-20.783985946947947	370.6544232368469
22	7	1216	1	0.4887843132019043	-20.0	-20.776146087478466	372.54880833625793
22	8	999	0	0.6159847378730774	-21.0	-20.778384626603682	374.109402179718
22	9	976	1	0.6079189777374268	-20.0	-20.770600780337645	375.6314980983734
23	0	1253	1	0.5984159111976624	-19.0	-20.75289477253427	381.2432839870453
23	1	1214	1	0.33939072489738464	-20.0	-20.745365824808925	383.1275300979614
23	2	1440	1	0.1639457792043686	-17.0	-20.70791216656084	385.378870010376
23	3	877	0	0.7195096611976624	-21.0	-20.71083304489523	386.72944617271423
23	4	1378	0	0.03790377452969551	-19.0	-20.69372471444628	388.8380410671234
23	5	1001	0	0.39218974113464355	-21.0	-20.696787467301817	390.3784420490265
23	6	1130	0	0.8094043731689453	-19.0	-20.6798195926288	392.12141013145447
23	7	818	1	0.41694334149360657	-21.0	-20.68302139670251	393.40073704719543
23	8	1192	0	0.8254690766334534	-19.0	-20.66619118273549	395.2633590698242
23	9	1182	0	0.7195096611976624	-21.0	-20.669529270908136	397.0888330936432
24	0	1274	1	0.9724844694137573	-20.0	-20.662833978199053	402.6919391155243
24	1	1648	0	0.701814591884613	-18.0	-20.636205638417064	405.22608733177185
24	2	1188	1	0.2946980595588684	-19.0	-20.619843582032892	407.05333709716797
24	3	935	0	0.763419508934021	-21.0	-20.623645146212564	408.5025773048401
24	4	1373	1	0.28189679980278015	-19.0	-20.60740869475044	410.6760582923889
24	5	1214	1	0.22205761075019836	-20.0	-20.601334607802933	412.6180260181427
24	6	1313	0	0.9726914763450623	-19.0	-20.585321261724904	414.7047772407532
24	7	1061	1	0.2907835841178894	-21.0	-20.589468049107655	416.37236618995667
24	8	943	0	0.6198359131813049	-21.0	-20.59357336861658	417.8536741733551
24	9	1555	0	0.9324668645858765	-19.0	-20.577637634930415	420.2679662704468
25	0	1188	1	0.9797306060791016	-19.0	-20.56186125858111	425.78157114982605
25	1	1341	0	0.715573787689209	-20.0	-20.556242645995297	427.8810770511627
25	2	1313	0	0.803115725517273	-19.0	-20.540680219535346	429.9698340892792
25	3	1369	0	0.8249632120132446	-19.0	-20.525273417339996	432.11695528030396
25	4	940	1	0.5503450632095337	-21.0	-20.530020683166597	433.5464701652527
25	5	1119	0	0.9788485765457153	-21.0	-20.534720476334932	435.26478910446167
25	6	1407	1	0.4443732798099518	-18.0	-20.509373271571583	437.47386026382446
25	7	936	1	0.9797306060791016	-21.0	-20.514279538855867	438.9514203071594
25	8	1239	0	0.7521650791168213	-21.0	-20.51913674346731	440.90411710739136
25	9	1515	1	0.22527876496315002	-20.0	-20.513945376032638	443.29117798805237
26	0	1155	0	0.2390170693397522	-20.0	-20.50880592227231	448.7839732170105
26	1	1121	0	0.5683163404464722	-21.0	-20.513717863049585	450.51335406303406
26	2	1658	0	0.9472172260284424	-16.0	-20.468580684419088	453.0549690723419
26	3	1341	0	0.911033034324646	-20.0	-20.463894877574894	455.19010305404663
26	4	1190	0	0.5824964642524719	-19.0	-20.449255928799147	457.08537220954895
26	5	1003	0	0.6659649610519409	-21.0	-20.454763369511156	458.67098331451416
26	6	1118	0	0.6518411636352539	-21.0	-20.460215735816046	460.4466791152954
26	7	1395	0	0.4321228861808777	-20.0	-20.455613578457886	462.6351532936096
26	8	1184	0	0.8369141221046448	-21.0	-20.461057442673308	464.505154132843
26	9	1362	1	0.8072521090507507	-21.0	-20.466446868246575	466.6871643066406
27	0	1553	1	0.3351444602012634	-19.0	-20.45178239956411	472.6941833496094
27	1	1632	0	0.7731810808181763	-20.0	-20.447264575568468	475.24047327041626
27	2	1675	0	0.9618371725082397	-19.0	-20.432791929812783	477.8538181781769
27	3	1242	0	0.793737530708313	-21.0	-20.438464010514657	479.74856328964233
27	4	1066	1	0.7041195034980774	-21.0	-20.44407937040951	481.38031125068665
27	5	1375	1	0.44964200258255005	-19.0	-20.42963857670542	483.5242123603821
27	6	941	1	0.33709031343460083	-21.0	-20.435342190938364	484.9800350666046
27	7	1557	0	0.9921261072158813	-19.0	-20.42098876902898	487.3735873699188
27	8	1188	1	0.9835829138755798	-19.0	-20.406778881338692	489.2133421897888
27	9	1647	1	0.9838464260101318	-18.0	-20.382711092525305	491.7675471305847
28	0	1482	1	0.6630319952964783	-21.0	-20.388883981600053	497.84765124320984
28	1	1448	1	0.9959501028060913	-17.0	-20.354995141784055	500.121621131897
28	2	1156	0	0.9455651044845581	-20.0	-20.351445190366213	501.8992099761963
28	3	1564	1	0.8340129256248474	-17.0	-20.317930738462554	504.34875535964966
28	4	1969	0	0.9325118660926819	-19.0	-20.30475143107793	507.36961007118225
28	5	1799	0	0.8114100098609924	-19.0	-20.29170391676715	510.1549632549286
28	6	1728	0	0.9818429350852966	-21.0	-20.29878687759948	512.8180983066559
28	7	1180	1	0.32384195923805237	-21.0	-20.305799008823485	514.6820909976959
28	8	1500	1	0.20024745166301727	-17.0	-20.27274101873525	516.9994351863861
28	9	1490	0	0.7988281846046448	-19.0	-20.260013608547897	519.3378391265869
29	0	997	0	0.9991685152053833	-21.0	-20.26741347246242	524.6367151737213
29	1	1704	0	0.976646363735199	-18.0	-20.244739337737794	527.3064692020416
29	2	1371	0	0.677386462688446	-19.0	-20.232291944360416	529.4491121768951
29	3	2028	1	0.9998761415481567	-14.0	-20.169969024916814	532.6156401634216
29	4	2097	1	0.5642982721328735	-12.0	-20.088269334667647	535.8800640106201
29	5	1318	0	0.9419074654579163	-17.0	-20.05738664132097	537.964063167572
29	6	1835	0	0.8756715655326843	-16.0	-20.016812774907763	540.8302912712097
29	7	1826	0	0.8926671147346497	-20.0	-20.016644647158685	543.6595520973206
29	8	1741	1	0.273257851600647	-17.0	-19.9864782006871	546.3711371421814
29	9	1062	1	0.3507053256034851	-21.0	-19.99661341868023	548.0796322822571
30	0	1845	1	0.9607956409454346	-14.0	-19.93664728449343	554.7359380722046
30	1	2062	1	0.14594046771526337	-13.0	-19.86728081164849	558.0049750804901
30	2	1829	1	0.7379273772239685	-18.0	-19.848608003532007	560.9173471927643
30	3	1316	0	0.4992958605289459	-19.0	-19.84012192349669	563.0129363536835
30	4	1057	1	0.7632232308387756	-21.0	-19.851720704261723	564.72523021698
30	5	2041	1	0.9998148083686829	-12.0	-19.773203497219107	567.9249143600464
30	6	816	1	0.30132856965065	-21.0	-19.785471462246917	569.226172208786
30	7	1593	1	0.43840423226356506	-16.0	-19.74761674762445	571.6974604129791
30	8	1312	0	0.8097949624061584	-19.0	-19.740140580148203	573.7478530406952
30	9	2246	0	0.25018948316574097	-13.0	-19.67273917434672	577.2368593215942
31	0	2356	0	0.582088053226471	-15.0	-19.62601178260325	584.6574771404266
31	1	1845	1	0.9952065348625183	-14.0	-19.56975166477722	587.5309681892395
31	2	2095	0	0.8704289197921753	-14.0	-19.514054148129446	590.7462892532349
31	3	2008	0	0.8316167593002319	-13.0	-19.44891360664815	593.8392131328583
31	4	2567	1	0.3860301673412323	-9.0	-19.344424470581668	597.8478860855103
31	5	1914	0	0.24163194000720978	-14.0	-19.290980225875852	600.7939052581787
31	6	1672	0	0.982889711856842	-19.0	-19.288070423617096	603.3549423217773
31	7	1521	0	0.6246771216392517	-20.0	-19.295189719380925	605.7409873008728
31	8	2891	1	0.13221651315689087	-5.0	-19.152237822187118	610.2662372589111
31	9	1408	1	0.9579514861106873	-18.0	-19.140715443965245	612.4458441734314
32	0	2212	1	0.9682374596595764	-14.0	-19.089308289525594	619.6883924007416
32	1	2285	0	0.9254652857780457	-10.0	-18.998415206630337	623.2808392047882
32	2	2359	1	0.9934245347976685	-8.0	-18.88843105456403	627.0456733703613
32	3	2901	1	0.9788746237754822	-8.0	-18.77954674401839	631.5731911659241
32	4	2297	1	0.27253830432891846	-15.0	-18.741751276578203	635.1374752521515
32	5	2593	0	0.99172443151474	-10.0	-18.65433376381242	639.2226781845093
32	6	3001	0	0.9887992739677429	-7.0	-18.537790426174297	643.8755021095276
32	7	2040	0	0.8111869096755981	-12.0	-18.472412521912556	647.0463774204254
32	8	2260	0	0.9593185782432556	-9.0	-18.37768839669343	650.5737972259521
32	9	2817	0	0.5978855490684509	-7.0	-18.263911512726494	655.0001652240753
33	0	2046	0	0.9850537180900574	-10.0	-18.18127239759923	661.9321672916412
33	1	2161	0	0.14831982553005219	-12.0	-18.11945967362324	665.3012142181396
33	2	2859	0	0.8723978400230408	-4.0	-17.978265076887006	669.8990592956543
33	3	2365	0	0.8528397679328918	-13.0	-17.928482426118133	673.6203939914703
33	4	2042	0	0.5624454021453857	-12.0	-17.869197601856953	676.8624472618103
33	5	2519	0	0.832234799861908	-7.0	-17.760505625838384	680.8336582183838
33	6	1961	0	0.7065836191177368	-16.0	-17.74290056958	683.9094274044037
33	7	2015	1	0.9993883371353149	-11.0	-17.6754715638842	687.1004192829132
33	8	2707	1	0.9855383634567261	4.0	-17.45871684824536	691.408004283905
33	9	1527	0	0.6680833101272583	-18.0	-17.464129679762905	693.8117351531982
34	0	2398	1	0.4754064679145813	-12.0	-17.40948838296528	701.3358101844788
34	1	1109	1	0.9480125904083252	-18.0	-17.415393499135625	703.0136063098907
34	2	1719	0	0.9645782113075256	-16.0	-17.40123956414427	705.6518671512604
34	3	2859	1	0.9873658418655396	3.0	-17.197227168502824	710.111093044281
34	4	2666	0	0.19739346206188202	-8.0	-17.105254896817794	714.29079413414
34	5	2236	0	0.7054114937782288	-15.0	-17.084202347849615	717.8017311096191
34	6	2870	1	0.2758735120296478	-2.0	-16.93336032437112	722.2985143661499
34	7	2264	0	0.7429796457290649	-11.0	-16.874026721127407	725.8386042118073
34	8	1000	0	0.7681835293769836	-21.0	-16.915286453916135	727.3832623958588
34	9	2154	1	0.9968343377113342	-14.0	-16.886133589376975	730.7889132499695
35	0	2357	1	0.6381405591964722	-10.0	-16.817272253483207	738.3062641620636
35	1	1240	0	0.880474865436554	-21.0	-16.859099530948374	740.2591390609741
35	2	1784	0	0.8984056711196899	-14.0	-16.83050853563889	743.0509371757507
35	3	2863	0	0.9998753070831299	3.0	-16.6322034502825	747.5088641643524
35	4	1662	0	0.8648010492324829	-16.0	-16.625881415779673	750.0799031257629
35	5	3138	0	0.9998753070831299	2.0	-16.439622601621878	754.9644501209259
35	6	2172	0	0.8601135015487671	-10.0	-16.37522637560566	758.3498780727386
35	7	2485	1	0.8559638261795044	-8.0	-16.291474111849602	762.2232303619385
35	8	2985	1	0.9916158318519592	3.0	-16.098559370731106	766.8038110733032
35	9	3195	1	0.5375911593437195	-5.0	-15.987573777023796	771.774316072464
36	0	2354	1	0.9988365769386292	-10.0	-15.927698039253558	779.2079422473907
36	1	2400	0	0.5589281916618347	-12.0	-15.888421058861022	782.9551982879639
36	2	1563	0	0.7128453254699707	-17.0	-15.899536848272412	785.3569931983948
36	3	2415	1	0.8904308080673218	-10.0	-15.840541479789687	789.1489059925079
36	4	1635	0	0.9661762714385986	-15.0	-15.83213606499179	791.6962151527405
36	5	2004	0	0.9345312714576721	-13.0	-15.803814704341873	794.7222702503204
36	6	2159	1	0.7667531371116638	-12.0	-15.765776557298453	798.0965061187744
36	7	1623	0	0.7988841533660889	-17.0	-15.778118791725468	800.6395802497864
36	8	2036	0	0.6409005522727966	-12.0	-15.740337603808213	803.8829061985016
36	9	2272	0	0.9763618111610413	-14.0	-15.72293422777013	807.4170770645142
37	0	2350	0	0.9970212578773499	-10.0	-15.665704885492428	814.8501372337341
37	1	2137	1	0.4217033088207245	-11.0	-15.619047836637503	818.133355140686
37	2	2956	1	0.5076061487197876	-3.0	-15.492857358271127	822.7416372299194
37	3	2226	0	0.9998288154602051	-12.0	-15.457928784688415	826.197948217392
37	4	3036	1	0.9999991655349731	5.0	-15.25334949684153	830.9238929748535
37	5	2346	0	0.9852222800254822	-12.0	-15.220816001873114	834.626668214798
37	6	2730	1	0.9484536647796631	5.0	-15.018607841854383	838.8468551635742
37	7	2805	0	0.9720521569252014	-4.0	-14.908421763435838	843.2421162128448
37	8	1933	0	0.9974766373634338	-15.0	-14.90933754580148	846.2533221244812
37	9	2881	0	0.9418976306915283	-5.0	-14.810244170343465	850.7631323337555
38	0	2864	0	0.9516232013702393	-4.0	-14.70214172864003	858.9237771034241
38	1	3420	0	0.9038010835647583	-2.0	-14.57512031135363	864.263028383255
38	2	2311	0	0.9786288738250732	-11.0	-14.539369108240091	867.8618001937866
38	3	2418	0	0.677784264087677	-10.0	-14.49397541715769	871.541668176651
38	4	2425	0	0.9852171540260315	-6.0	-14.409035662986113	875.2043812274933
38	5	1961	0	0.8775544762611389	-16.0	-14.424945306356252	878.2429749965668
38	6	1932	0	0.8334527015686035	-17.0	-14.45069585329269	881.2336921691895
38	7	2738	0	0.8902379274368286	-6.0	-14.366188894759762	885.4856572151184
38	8	3044	0	0.9999678134918213	3.0	-14.192527005812165	890.328455209732
38	9	2337	0	0.9778719544410706	-12.0	-14.170601735754042	894.0047101974487
39	0	1973	1	0.9999237060546875	-14.0	-14.168895718396502	900.9752311706543
39	1	2666	1	0.8665018677711487	-8.0	-14.107206761212538	905.1986331939697
39	2	3113	0	0.08623147010803223	-4.0	-14.006134693600412	910.073447227478
39	3	2727	1	0.9817160964012146	7.0	-13.796073346664407	914.2353911399841
39	4	2293	0	0.5845637917518616	-10.0	-13.758112613197763	917.8358163833618
39	5	3208	1	0.7464858889579773	-1.0	-13.630531487065785	922.801340341568
39	6	1965	0	0.4237743616104126	-14.0	-13.634226172195127	925.940407037735
39	7	3350	1	0.39695194363594055	-4.0	-13.537883910473175	931.1820542812347
39	8	2863	1	0.9833269715309143	-6.0	-13.462505071368444	935.5844032764435
39	9	2482	1	0.9967116117477417	-10.0	-13.42788002065476	939.4267451763153
40	0	2803	1	0.7531480193138123	-6.0	-13.353601220448212	947.6767861843109
40	1	2525	0	0.9450803399085999	-7.0	-13.29006520824373	951.6546981334686
40	2	2429	1	0.99774169921875	-11.0	-13.267164556161292	955.4059970378876
40	3	3101	1	0.9814561605453491	5.0	-13.084492910599678	960.3661482334137
40	4	2537	1	0.780879020690918	-10.0	-13.05364798149368	964.3553841114044
40	5	2721	0	0.6500821709632874	-8.0	-13.003111501678744	968.5170891284943
40	6	2636	1	0.9697392582893372	-9.0	-12.963080386661956	972.6186921596527
40	7	2735	0	0.7589051127433777	-6.0	-12.893449582795336	976.8731341362
40	8	2348	0	0.9847787022590637	-10.0	-12.864515086967382	980.5300822257996
40	9	3017	1	0.9821319580078125	2.0	-12.715869936097707	985.3508260250092
41	0	3259	1	0.9536911249160767	2.0	-12.56871123673673	994.2413651943207
41	1	3681	1	0.982704222202301	1.0	-12.433024124369362	999.9469571113586
41	2	2023	1	0.8241015672683716	-16.0	-12.468693883125669	1003.0955672264099
41	3	2043	0	0.9796128273010254	-17.0	-12.514006944294412	1006.1962532997131
41	4	2101	1	0.563369870185852	-12.0	-12.508866874851467	1009.4341130256653
41	5	2946	1	0.9789276123046875	3.0	-12.353778206102954	1014.0360293388367
41	6	3342	1	0.9503967761993408	2.0	-12.210240424041924	1019.2695963382721
41	7	2629	1	0.9988580942153931	-9.0	-12.178138019801505	1023.3278441429138
41	8	2747	0	0.5120667815208435	-4.0	-12.096356639603489	1027.5315294265747
41	9	3075	1	0.9747384786605835	4.0	-11.935393073207454	1032.3458223342896
42	0	3037	1	0.9313046932220459	-8.0	-11.896039142475379	1041.015866279602
42	1	2876	1	0.7136381268501282	-7.0	-11.847078751050626	1045.524491071701
42	2	3108	0	0.9894184470176697	-2.0	-11.748607963540119	1050.3626041412354
42	3	2757	1	0.9999997615814209	6.0	-11.571121883904716	1054.7131881713867
42	4	2868	1	0.9481502771377563	8.0	-11.375410665065669	1059.1481699943542
42	5	2777	0	0.760211706161499	-8.0	-11.341656558415012	1063.4672093391418
42	6	2411	0	0.7820465564727783	-10.0	-11.328239992830861	1067.2456541061401
42	7	3393	0	0.8194807171821594	-1.0	-11.224957592902552	1072.5490653514862
42	8	2169	0	0.9986767172813416	-10.0	-11.212708016973526	1075.914597272873
42	9	2733	0	0.7936500310897827	-8.0	-11.180580936803791	1080.138931274414
43	0	3306	1	0.8219074606895447	-4.0	-11.108775127435752	1089.0798473358154
43	1	2972	0	0.9571282863616943	-6.0	-11.057687376161395	1093.755270242691
43	2	3461	1	0.9832718968391418	2.0	-10.927110502399781	1099.099620103836
43	3	2775	0	0.9936155080795288	-8.0	-10.897839397375783	1103.4176723957062
43	4	2974	1	0.6037650108337402	-6.0	-10.848861003402027	1108.1321363449097
43	5	2493	0	0.9945093989372253	-8.0	-10.820372393368006	1112.0267581939697
43	6	3277	1	0.9832718968391418	2.0	-10.692168669434325	1117.0277330875397
43	7	2829	1	0.9724215269088745	4.0	-10.545246982739982	1121.4876573085785
43	8	2476	0	0.6204145550727844	-10.0	-10.539794512912582	1125.4339141845703
43	9	3517	1	0.30159878730773926	4.0	-10.394396567783458	1130.9718971252441
44	0	2675	1	0.8300606608390808	-8.0	-10.370452602105624	1139.010243177414
44	1	1747	0	0.4528566896915436	-17.0	-10.436748076084568	1141.7123022079468
44	2	2734	0	0.6893797516822815	-8.0	-10.412380595323722	1145.8864922523499
44	3	1829	0	0.9927783608436584	-18.0	-10.488256789370483	1148.7514712810516
44	4	2677	0	0.8557875156402588	-8.0	-10.463374221476778	1152.9501621723175
44	5	2717	1	0.7863818407058716	-8.0	-10.43874047926201	1157.1226890087128
44	6	2406	0	0.11501658707857132	-12.0	-10.45435307446939	1160.8504421710968
44	7	1035	1	0.9229485392570496	-20.0	-10.549809543724695	1162.4970152378082
44	8	3604	1	0.8792428374290466	-4.0	-10.484311448287448	1168.1854071617126
44	9	1426	1	0.7279739379882812	-21.0	-10.589468333804573	1170.4238390922546
45	0	2399	1	0.9908643364906311	-12.0	-10.603573650466528	1178.0115950107574
45	1	2654	0	0.9740017056465149	-10.0	-10.597537913961862	1182.1235933303833
45	2	3235	1	0.9986617565155029	5.0	-10.441562534822243	1187.164831161499
45	3	2694	0	0.8065214157104492	-9.0	-10.42714690947402	1191.3126101493835
45	4	2541	0	0.9031380414962769	-10.0	-10.42287544037928	1195.3143134117126
45	5	2155	0	0.8839828968048096	-14.0	-10.458646685975486	1198.7186570167542
45	6	3458	1	0.9983323216438293	4.0	-10.314060219115731	1204.067927122116
45	7	3299	0	0.7016762495040894	-4.0	-10.250919616924573	1209.2260522842407
45	8	3468	1	0.9986617565155029	2.0	-10.128410420755328	1214.6224582195282
45	9	3226	0	0.3732278048992157	-4.0	-10.067126316547775	1219.6741042137146
46	0	2362	0	0.5078491568565369	-15.0	-10.116455053382298	1227.3341522216797
46	1	3003	1	0.9991461038589478	10.0	-9.915290502848475	1231.921846151352
46	2	2957	1	0.9866089224815369	4.0	-9.776137597819991	1236.5663743019104
46	3	3109	1	0.999777615070343	7.0	-9.608376221841791	1241.4405372142792
46	4	2920	1	0.48256197571754456	-8.0	-9.592292459623373	1245.978443145752
46	5	3206	0	0.9684253931045532	-3.0	-9.526369535027138	1251.0011630058289
46	6	2233	1	0.3491330146789551	-15.0	-9.581105839676868	1254.4804611206055
46	7	3265	1	0.9930139183998108	2.0	-9.465294781280098	1259.5817830562592
46	8	3034	0	0.9686385989189148	-6.0	-9.430641833467298	1264.3101570606232
46	9	3030	1	0.937673807144165	-3.0	-9.366335415132625	1269.1431443691254
47	0	2734	1	0.6492539048194885	-6.0	-9.332672060981299	1277.2770853042603
47	1	3619	1	0.9823073148727417	1.0	-9.229345340371486	1282.9147791862488
47	2	3349	1	0.7398844361305237	-2.0	-9.157051886967771	1288.2539021968842
47	3	2827	1	0.7401423454284668	-7.0	-9.135481368098095	1292.6536662578583
47	4	3079	1	0.9994162321090698	6.0	-8.984126554417113	1297.5240461826324
47	5	3102	0	0.9097689390182495	-4.0	-8.93428528887294	1302.3436942100525
47	6	3287	1	0.999659538269043	2.0	-8.824942435984212	1307.4593143463135
47	7	3601	0	0.8894636034965515	-2.0	-8.75669301162437	1313.120937347412
47	8	3738	1	0.9999959468841553	1.0	-8.659126081508125	1319.0343554019928
47	9	2913	1	0.9996179342269897	9.0	-8.482534820693044	1323.4770941734314
48	0	3413	0	0.860893726348877	-2.0	-8.417709472486113	1332.890409231186
48	1	2947	1	0.992968738079071	6.0	-8.273532377761251	1337.4446022510529
48	2	2976	1	0.992968738079071	5.0	-8.140797053983638	1342.056704044342
48	3	3375	1	0.6512228846549988	-2.0	-8.079389083443802	1347.3394272327423
48	4	2704	1	0.9968045949935913	6.0	-7.938595192609364	1351.6489622592926
48	5	2802	0	0.4805222451686859	-4.0	-7.899209240683271	1356.010483264923
48	6	3148	1	0.9997623562812805	4.0	-7.780217148276438	1361.0156500339508
48	7	2102	0	0.6348307728767395	-12.0	-7.822414976793674	1364.2718362808228
48	8	3293	1	0.9995006322860718	5.0	-7.694190827025737	1369.3971161842346
48	9	2692	1	0.992968738079071	8.0	-7.537248918755479	1373.568570137024
49	0	2732	0	0.8527091145515442	-6.0	-7.521876429567923	1381.7743570804596
49	1	2919	1	0.9999096393585205	9.0	-7.356657665272244	1386.334230184555
49	2	3536	1	0.9998242259025574	7.0	-7.213091088619521	1391.8499341011047
49	3	2518	0	0.8855827450752258	-12.0	-7.260960177733326	1395.777331352234
49	4	3174	0	0.19358058273792267	-4.0	-7.228350575955992	1400.6830341815948
49	5	2325	0	0.7778433561325073	-16.0	-7.316067070196432	1404.3446311950684
49	6	3633	1	0.9998242259025574	2.0	-7.222906399494468	1410.002292394638
49	7	3451	0	0.9987315535545349	-6.0	-7.210677335499523	1415.4297692775726
49	8	3192	1	0.9999096393585205	3.0	-7.108570562144528	1420.4036893844604
49	9	3109	0	0.9608984589576721	-2.0	-7.057484856523081	1425.320433139801
