0	0	817	1	0.8267126083374023	-21.0	-21.0	1.3957078456878662
0	1	816	1	0.6986273527145386	-21.0	-21.0	2.6674771308898926
0	2	822	0	0.5049424767494202	-21.0	-21.0	3.952065944671631
0	3	821	1	0.8267126083374023	-21.0	-21.0	5.237730979919434
0	4	821	1	0.6830918192863464	-21.0	-21.0	6.524065732955933
0	5	945	0	0.5049424767494202	-21.0	-21.0	8.01663088798523
0	6	818	1	0.9346588253974915	-21.0	-21.0	9.324502944946289
0	7	818	1	0.6465575098991394	-21.0	-21.0	10.635869979858398
0	8	937	1	0.5783264636993408	-21.0	-21.0	12.13739800453186
0	9	821	1	0.8897694945335388	-21.0	-21.0	13.410206079483032
1	0	877	0	0.36514002084732056	-21.0	-21.0	18.42905616760254
1	1	816	1	0.8606194853782654	-21.0	-21.0	19.672952890396118
1	2	818	1	0.6934407353401184	-21.0	-21.0	20.929703950881958
1	3	822	1	0.6404328346252441	-21.0	-21.0	22.180830001831055
1	4	1123	1	0.830222487449646	-21.0	-21.0	23.914679765701294
1	5	881	1	0.7831732630729675	-21.0	-21.0	25.27374792098999
1	6	941	1	0.8615075945854187	-21.0	-21.0	26.718486070632935
1	7	876	0	0.2168266922235489	-21.0	-21.0	28.091819763183594
1	8	1065	0	0.3444647490978241	-21.0	-21.0	29.744565963745117
1	9	882	0	0.3715367317199707	-21.0	-21.0	31.093384981155396
2	0	1006	1	0.551726758480072	-21.0	-21.0	36.32655596733093
2	1	818	1	0.5531798601150513	-21.0	-21.0	37.62534499168396
2	2	880	1	0.7353573441505432	-21.0	-21.0	39.00408601760864
2	3	940	1	0.551726758480072	-21.0	-21.0	40.48389196395874
2	4	883	1	0.551726758480072	-21.0	-21.0	41.89526581764221
2	5	822	1	0.9623790979385376	-21.0	-21.0	43.137458086013794
2	6	1068	1	0.7274771928787231	-21.0	-21.0	44.773797035217285
2	7	881	0	0.4482732117176056	-21.0	-21.0	46.14101314544678
2	8	816	1	0.9670894145965576	-21.0	-21.0	47.40929198265076
2	9	884	1	0.6110211610794067	-21.0	-21.0	48.75515389442444
3	0	883	1	0.920523464679718	-21.0	-21.0	53.94026780128479
3	1	820	1	0.6383664011955261	-21.0	-21.0	55.21209192276001
3	2	821	1	0.6383664011955261	-21.0	-21.0	56.46417808532715
3	3	881	1	0.8407774567604065	-21.0	-21.0	57.823821783065796
3	4	878	1	0.9625669121742249	-21.0	-21.0	59.17509984970093
3	5	878	1	0.7271208167076111	-21.0	-21.0	60.53356194496155
3	6	885	0	0.4483809173107147	-21.0	-21.0	61.90872597694397
3	7	945	1	0.8327900171279907	-21.0	-21.0	63.357311964035034
3	8	880	1	0.49609673023223877	-21.0	-21.0	64.70456600189209
3	9	818	1	0.7876328229904175	-21.0	-21.0	65.98436307907104
4	0	878	1	0.5212693214416504	-21.0	-21.0	71.27178001403809
4	1	818	0	0.36778977513313293	-21.0	-21.0	72.56707692146301
4	2	816	0	0.44818782806396484	-21.0	-21.0	73.81134390830994
4	3	883	1	0.5901788473129272	-21.0	-21.0	75.17145991325378
4	4	945	0	0.04442375898361206	-21.0	-21.0	76.61255097389221
4	5	820	0	0.44818782806396484	-21.0	-21.0	77.8764419555664
4	6	940	0	0.478730708360672	-21.0	-21.0	79.32053780555725
4	7	879	0	0.36778977513313293	-21.0	-21.0	80.6727499961853
4	8	1008	1	0.7866796851158142	-21.0	-21.0	82.22506594657898
4	9	1005	1	0.5901788473129272	-21.0	-21.0	83.76920294761658
5	0	822	0	0.531164824962616	-21.0	-21.0	88.8727638721466
5	1	854	0	0.48392218351364136	-20.0	-20.99	90.17817187309265
5	2	880	0	0.6482986211776733	-21.0	-20.990099999999998	91.52312994003296
5	3	821	1	0.8416572213172913	-21.0	-20.990199	92.77920174598694
5	4	816	1	0.6330145597457886	-21.0	-20.990297010000003	94.03061580657959
5	5	819	0	0.572079598903656	-21.0	-20.990394039900004	95.2849109172821
5	6	856	1	0.7530593872070312	-20.0	-20.980490099501	96.59218096733093
5	7	822	0	0.4093891680240631	-21.0	-20.98068519850599	97.8626561164856
5	8	816	0	0.5895364284515381	-21.0	-20.98087834652093	99.12530589103699
5	9	879	1	0.811063289642334	-21.0	-20.981069563055723	100.49902486801147
6	0	881	1	0.9990441203117371	-21.0	-20.981258867425165	105.78404378890991
6	1	857	1	0.8044763803482056	-20.0	-20.971446278750914	107.15524315834045
6	2	1002	0	0.39426541328430176	-21.0	-20.971731815963405	108.75312399864197
6	3	1063	0	0.6323315501213074	-21.0	-20.972014497803773	110.43566703796387
6	4	819	1	0.6011220216751099	-21.0	-20.972294352825735	111.71012783050537
6	5	1002	1	0.4638931453227997	-21.0	-20.972571409297476	113.28785800933838
6	6	1066	1	0.40782538056373596	-21.0	-20.9728456952045	114.96362090110779
6	7	856	1	0.8044763803482056	-20.0	-20.963117238252455	116.35312294960022
6	8	821	0	0.13837656378746033	-21.0	-20.96348606586993	117.66649198532104
6	9	815	1	0.7937752604484558	-21.0	-20.96385120521123	118.95423603057861
7	0	819	1	0.8942937850952148	-21.0	-20.96421269315912	124.12862491607666
7	1	852	0	0.558893084526062	-20.0	-20.954570566227527	125.50397992134094
7	2	1184	0	0.5358794331550598	-21.0	-20.955024860565253	127.397775888443
7	3	884	0	0.509496808052063	-21.0	-20.955474611959602	128.80012607574463
7	4	817	1	0.713159441947937	-21.0	-20.955919865840006	130.11862993240356
7	5	878	1	0.5129792094230652	-21.0	-20.956360667181606	131.52895283699036
7	6	852	0	0.4977748394012451	-20.0	-20.946797060509788	132.9032337665558
7	7	878	1	0.9388441443443298	-21.0	-20.94732908990469	134.28926491737366
7	8	819	1	0.46805840730667114	-21.0	-20.947855799005644	135.5932629108429
7	9	878	0	0.4220160245895386	-21.0	-20.94837724101559	137.00077390670776
8	0	855	1	0.436543345451355	-20.0	-20.938893468605432	142.1275269985199
8	1	821	0	0.0982409194111824	-21.0	-20.93950453391938	143.4482078552246
8	2	822	0	0.5182294845581055	-21.0	-20.940109488580188	144.77427577972412
8	3	821	0	0.18094071745872498	-21.0	-20.940708393694386	146.10710310935974
8	4	942	0	0.6123804450035095	-21.0	-20.941301309757442	147.61878204345703
8	5	821	0	0.5559486746788025	-21.0	-20.94188829665987	148.9586787223816
8	6	853	0	0.4804806411266327	-20.0	-20.93246941369327	150.32003378868103
8	7	820	1	0.49123138189315796	-21.0	-20.93314471955634	151.62855696678162
8	8	878	0	0.5649389028549194	-21.0	-20.933813272360776	153.04090094566345
8	9	820	0	0.27482369542121887	-21.0	-20.93447513963717	154.36392998695374
9	0	1001	1	0.4411866366863251	-21.0	-20.935130388240797	159.64150094985962
9	1	852	1	0.8596151471138	-20.0	-20.92577908435839	161.0078730583191
9	2	946	0	0.5588133931159973	-21.0	-20.926521293514806	162.53115701675415
9	3	1000	0	0.6064841151237488	-21.0	-20.92725608057966	164.11985993385315
9	4	883	1	0.7351065278053284	-21.0	-20.927983519773864	165.52615308761597
9	5	1063	0	0.5185534358024597	-21.0	-20.928703684576128	167.23470902442932
9	6	815	1	0.3740071654319763	-21.0	-20.929416647730367	168.54265880584717
9	7	858	1	0.4084431827068329	-20.0	-20.920122481253063	169.9043469429016
9	8	817	1	0.39870935678482056	-21.0	-20.920921256440533	171.2307107448578
9	9	852	0	0.6002675890922546	-20.0	-20.911712043876125	172.60913276672363
10	0	1066	0	0.5487450957298279	-21.0	-20.912594923437364	177.95280289649963
10	1	914	0	0.6288367509841919	-20.0	-20.90346897420299	179.39190578460693
10	2	851	0	0.5552810430526733	-20.0	-20.89443428446096	180.73066592216492
10	3	855	1	0.46534135937690735	-20.0	-20.88548994161635	182.07800889015198
10	4	879	1	0.8958034515380859	-21.0	-20.886635042200187	183.46294784545898
10	5	853	1	0.7228962182998657	-20.0	-20.877768691778183	184.7999119758606
10	6	1063	1	0.3817838430404663	-21.0	-20.878991004860403	186.49053287506104
10	7	1002	1	0.5126392841339111	-21.0	-20.8802010948118	188.10209894180298
10	8	820	1	0.6871673464775085	-21.0	-20.88139908386368	189.43301582336426
10	9	1064	1	0.8715705871582031	-21.0	-20.882585093025046	191.17481994628906
11	0	852	0	0.662642240524292	-20.0	-20.873759242094795	196.319641828537
11	1	820	1	0.37944483757019043	-21.0	-20.875021649673847	197.64617705345154
11	2	820	1	0.8425649404525757	-21.0	-20.87627143317711	198.95912098884583
11	3	1065	1	0.9149681329727173	-21.0	-20.877508718845338	200.68215203285217
11	4	816	0	0.6191802620887756	-21.0	-20.878733631656885	201.99262189865112
11	5	1190	0	0.6290210485458374	-21.0	-20.879946295340318	203.87309193611145
11	6	1063	0	0.5521944165229797	-21.0	-20.881146832386914	205.56422686576843
11	7	820	1	0.8691694140434265	-21.0	-20.882335364063046	206.87789392471313
11	8	853	1	0.9805803298950195	-20.0	-20.873512010422413	208.24449491500854
11	9	851	1	0.4326634109020233	-20.0	-20.864776890318186	209.59775805473328
12	0	853	0	0.11284743249416351	-20.0	-20.856129121415	214.71356081962585
12	1	940	1	0.34448763728141785	-21.0	-20.857567830200853	216.23889684677124
12	2	816	1	0.9955201148986816	-21.0	-20.858992151898846	217.55915808677673
12	3	858	1	0.3858169913291931	-20.0	-20.850402230379856	218.94466590881348
12	4	819	0	0.5787983536720276	-21.0	-20.851898208076058	220.23974108695984
12	5	854	1	0.6552250385284424	-20.0	-20.843379225995296	221.621994972229
12	6	851	1	0.6552250385284424	-20.0	-20.834945433735342	223.00086092948914
12	7	818	0	0.5185854434967041	-21.0	-20.83659597939799	224.3081018924713
12	8	819	0	0.19680894911289215	-21.0	-20.838230019604012	225.6299810409546
12	9	818	0	0.6555123329162598	-21.0	-20.839847719407974	226.96790409088135
13	0	821	0	0.3744751811027527	-21.0	-20.841449242213894	231.97986888885498
13	1	858	0	0.33822959661483765	-20.0	-20.833034749791754	233.3389551639557
13	2	816	1	0.5301400423049927	-21.0	-20.834704402293838	234.62589597702026
13	3	818	1	0.747818648815155	-21.0	-20.8363573582709	235.9146111011505
13	4	1183	1	0.8292065858840942	-21.0	-20.83799378468819	237.8461468219757
13	5	852	1	0.7826202511787415	-20.0	-20.82961384684131	239.20508980751038
13	6	821	1	0.654903769493103	-21.0	-20.831317708372897	240.50707006454468
13	7	945	0	0.5140048265457153	-21.0	-20.83300453128917	242.00815796852112
13	8	818	1	0.9349651336669922	-21.0	-20.83467448597628	243.3187358379364
13	9	911	0	0.4222217798233032	-20.0	-20.826327741116515	244.76627588272095
14	0	822	0	0.5123901963233948	-21.0	-20.82806446370535	249.84492993354797
14	1	914	1	0.9162731170654297	-20.0	-20.819783819068295	251.31052494049072
14	2	818	0	0.5153641104698181	-21.0	-20.821585980877614	252.62275314331055
14	3	1063	1	0.9944023489952087	-21.0	-20.823370121068837	254.31586003303528
14	4	856	1	0.42098841071128845	-20.0	-20.81513641985815	255.68251395225525
14	5	856	0	0.46261775493621826	-20.0	-20.806985055659567	257.06174898147583
14	6	856	1	0.9913932085037231	-20.0	-20.798915205102972	258.44962096214294
14	7	1005	1	0.6202650666236877	-21.0	-20.800926053051942	260.0436418056488
14	8	857	0	0.44235703349113464	-20.0	-20.79291679252142	261.42288184165955
14	9	818	1	0.7731019854545593	-21.0	-20.794987624596207	262.758663892746
15	0	1125	0	0.39512547850608826	-21.0	-20.797037748350245	268.32429814338684
15	1	885	1	0.7570767998695374	-21.0	-20.799067370866744	269.7463309764862
15	2	878	1	0.4592789113521576	-21.0	-20.801076697158077	271.1448519229889
15	3	1125	0	0.4438748359680176	-21.0	-20.8030659301865	272.9364287853241
15	4	856	0	0.49303242564201355	-20.0	-20.795035270884632	274.31428384780884
15	5	912	1	0.6652325391769409	-20.0	-20.787084918175786	275.7845871448517
15	6	857	1	0.46909070014953613	-20.0	-20.779214068994026	277.16242599487305
15	7	851	1	0.5069676041603088	-20.0	-20.771421928304086	278.5319619178772
15	8	880	1	0.9911931157112122	-21.0	-20.773707709021046	279.9337899684906
15	9	916	0	0.5446649789810181	-20.0	-20.765970631930834	281.37551283836365
16	0	943	1	0.5765866637229919	-21.0	-20.768310925611527	286.6899719238281
16	1	853	1	0.6662861704826355	-20.0	-20.76062781635541	288.01841378211975
16	2	1061	1	0.9797148108482361	-21.0	-20.763021538191857	289.6571319103241
16	3	818	1	0.5364962816238403	-21.0	-20.76539132280994	290.9027268886566
16	4	851	1	0.4386102855205536	-20.0	-20.75773740958184	292.2008228302002
16	5	940	1	0.6639214754104614	-21.0	-20.76016003548602	293.66670179367065
16	6	852	1	0.6807383894920349	-20.0	-20.75255843513116	294.9895350933075
16	7	913	1	0.9110406637191772	-20.0	-20.745032850779847	296.3924958705902
16	8	819	0	0.6169775724411011	-21.0	-20.747582522272047	297.6558380126953
16	9	852	1	0.9725077748298645	-20.0	-20.740106697049328	298.95514702796936
17	0	819	1	0.2860351502895355	-21.0	-20.742705630078834	303.8838601112366
17	1	1305	0	0.5215073227882385	-21.0	-20.745278573778048	305.8755829334259
17	2	852	1	0.5403221249580383	-20.0	-20.737825788040265	307.1833801269531
17	3	855	0	0.5745047926902771	-20.0	-20.73044753015986	308.48799180984497
17	4	971	0	0.7496286034584045	-20.0	-20.723143054858262	309.96993589401245
17	5	854	0	0.6469857096672058	-20.0	-20.71591162430968	311.2804219722748
17	6	817	0	0.4389267563819885	-21.0	-20.718752508066583	312.59161710739136
17	7	852	0	0.5760860443115234	-20.0	-20.711564982985916	313.9421157836914
17	8	857	0	0.6469857096672058	-20.0	-20.704449333156056	315.2786819934845
17	9	941	0	0.4697728157043457	-21.0	-20.707404839824495	316.7328190803528
18	0	852	1	0.490894079208374	-20.0	-20.70033079142625	321.6649868488312
18	1	1000	0	0.5251815319061279	-21.0	-20.703327483511988	323.2118947505951
18	2	1101	0	0.335030734539032	-20.0	-20.696294208676868	324.94715189933777
18	3	1007	1	0.4548811912536621	-19.0	-20.6793312665901	326.51716589927673
18	4	822	0	0.6787246465682983	-21.0	-20.6825379539242	327.7959659099579
18	5	857	0	0.5995063185691833	-20.0	-20.675712574384956	329.10309195518494
18	6	821	0	0.4779658019542694	-21.0	-20.67895544864111	330.3523840904236
18	7	819	0	0.24807783961296082	-21.0	-20.682165894154696	331.6137750148773
18	8	941	0	0.47983434796333313	-21.0	-20.68534423521315	333.072536945343
18	9	1064	1	0.5318012833595276	-21.0	-20.68849079286102	334.7289550304413
19	0	854	1	0.5298376083374023	-20.0	-20.68160588493241	339.8167018890381
19	1	853	1	0.532819926738739	-20.0	-20.674789826083085	341.1650199890137
19	2	855	0	0.650932252407074	-20.0	-20.668041927822255	342.4895589351654
19	3	943	1	0.5666289925575256	-21.0	-20.671361508544035	343.91479086875916
19	4	1063	1	0.7103186845779419	-21.0	-20.674647893458594	345.5549771785736
19	5	817	0	0.646080493927002	-21.0	-20.67790141452401	346.86160111427307
19	6	852	0	0.5097468495368958	-20.0	-20.671122400378767	348.22138714790344
19	7	853	1	0.7587631940841675	-20.0	-20.66441117637498	349.5607588291168
19	8	822	0	0.8558957576751709	-21.0	-20.66776706461123	350.834743976593
19	9	857	1	0.47265908122062683	-20.0	-20.661089393965117	352.1745789051056
20	0	883	0	0.5905228853225708	-21.0	-20.664478500025467	357.3232469558716
20	1	852	0	0.5353240966796875	-20.0	-20.657833715025212	358.6393280029297
20	2	941	1	0.8166588544845581	-21.0	-20.661255377874962	360.0765788555145
20	3	822	0	0.6240007877349854	-21.0	-20.664642824096212	361.36885595321655
20	4	856	1	0.8311156630516052	-20.0	-20.65799639585525	362.6985809803009
20	5	817	1	0.3646804094314575	-21.0	-20.661416431896697	363.9548370838165
20	6	819	0	0.806601345539093	-21.0	-20.66480226757773	365.2057628631592
20	7	857	1	0.7458842992782593	-20.0	-20.65815424490195	366.5274467468262
20	8	852	0	0.5804433822631836	-20.0	-20.65157270245293	367.8118941783905
20	9	1002	1	0.4094770550727844	-21.0	-20.6550569754284	369.32113790512085
21	0	821	0	0.6398036479949951	-21.0	-20.658506405674117	374.3640549182892
21	1	857	0	0.6015668511390686	-20.0	-20.651921341617374	375.6554079055786
21	2	858	1	0.7682633399963379	-20.0	-20.645402128201198	376.95691204071045
21	3	1037	1	0.5609718561172485	-20.0	-20.638948106919184	378.55785298347473
21	4	853	0	0.5467680096626282	-20.0	-20.632558625849992	379.8643248081207
21	5	850	0	0.4254220724105835	-20.0	-20.62623303959149	381.1629660129547
21	6	853	1	0.45323196053504944	-20.0	-20.619970709195574	382.47686314582825
21	7	858	1	0.5276117324829102	-20.0	-20.61377100210362	383.7639880180359
21	8	855	0	0.32924607396125793	-20.0	-20.607633292082582	385.0515420436859
21	9	858	0	0.6013401746749878	-20.0	-20.601556959161755	386.3498110771179
22	0	975	1	0.4248832166194916	-20.0	-20.595541389570137	391.5918228626251
22	1	912	0	0.3407762348651886	-20.0	-20.589585975674435	393.0100119113922
22	2	978	0	0.30460572242736816	-20.0	-20.58369011591769	394.53119015693665
22	3	944	0	0.45662951469421387	-21.0	-20.587853214758514	396.00044798851013
22	4	819	1	0.3983193039894104	-21.0	-20.59197468261093	397.2796850204468
22	5	858	0	0.5577316880226135	-20.0	-20.58605493578482	398.59985184669495
22	6	858	1	0.6677331924438477	-20.0	-20.58019438642697	399.90314388275146
22	7	820	0	0.5745669007301331	-21.0	-20.584392442562702	401.1443181037903
22	8	856	0	0.5731942057609558	-20.0	-20.578548518137076	402.4795730113983
22	9	852	1	0.9136983752250671	-20.0	-20.572763032955706	403.82013607025146
23	0	857	1	0.4375893473625183	-20.0	-20.567035402626146	408.90055108070374
23	1	914	0	0.5585913062095642	-20.0	-20.561365048599885	410.31238293647766
23	2	819	0	0.5885357856750488	-21.0	-20.565751398113886	411.5663859844208
23	3	817	1	0.9742512106895447	-21.0	-20.570093884132746	412.82598900794983
23	4	852	1	0.6568356156349182	-20.0	-20.564392945291416	414.1343078613281
23	5	816	0	0.5564090609550476	-21.0	-20.568749015838502	415.4169170856476
23	6	975	0	0.6453430652618408	-20.0	-20.563061525680116	416.94699597358704
23	7	977	0	0.5550724864006042	-20.0	-20.557430910423314	418.45933198928833
23	8	853	0	0.5884362459182739	-20.0	-20.55185660131908	419.77587389945984
23	9	858	1	0.4225200116634369	-20.0	-20.54633803530589	421.11259603500366
24	0	971	1	0.52362459897995	-20.0	-20.54087465495283	426.2653579711914
24	1	973	1	0.768599808216095	-20.0	-20.5354659084033	427.77907395362854
24	2	911	0	0.6198149919509888	-20.0	-20.530111249319265	429.2024369239807
24	3	854	1	0.4231000244617462	-20.0	-20.524810136826073	430.5335178375244
24	4	914	1	0.3744625449180603	-20.0	-20.51956203545781	431.94371008872986
24	5	911	0	0.6198149919509888	-20.0	-20.51436641510323	433.3346571922302
24	6	855	1	0.6084864139556885	-20.0	-20.509222750952194	434.638231754303
24	7	976	1	0.659442126750946	-20.0	-20.504130523442672	436.12899589538574
24	8	972	0	0.3190532624721527	-20.0	-20.499089218208244	437.58940982818604
24	9	857	0	0.5875018239021301	-20.0	-20.49409832602616	438.8784599304199
25	0	857	1	0.8753328323364258	-20.0	-20.4891573427659	443.9793210029602
25	1	913	1	0.8692170977592468	-20.0	-20.48426576933824	445.37974309921265
25	2	977	1	0.887932300567627	-20.0	-20.479423111644856	446.9070029258728
25	3	972	0	0.667095422744751	-20.0	-20.474628880528407	448.41681385040283
25	4	977	1	0.6958823204040527	-20.0	-20.46988259172312	449.92375683784485
25	5	879	1	0.993285059928894	-21.0	-20.47518376580589	451.29874897003174
25	6	974	1	0.449188232421875	-20.0	-20.470431928147832	452.802405834198
25	7	853	1	0.608701229095459	-20.0	-20.465727608866352	454.1258111000061
25	8	975	0	0.40246501564979553	-20.0	-20.461070332777687	455.6471149921417
25	9	973	0	0.5297282934188843	-20.0	-20.45645962944991	457.16824197769165
26	0	911	0	0.18923890590667725	-20.0	-20.45189503315541	462.31881403923035
26	1	917	1	0.366364061832428	-20.0	-20.447376082823855	463.74446392059326
26	2	858	0	0.49174726009368896	-20.0	-20.442902321995614	465.07781195640564
26	3	1035	1	0.48202019929885864	-20.0	-20.43847329877566	466.67906498908997
26	4	917	1	0.899306058883667	-20.0	-20.434088565787903	468.1554489135742
26	5	1133	0	0.6979507803916931	-19.0	-20.419747680130026	470.0229027271271
26	6	856	1	0.6863245368003845	-20.0	-20.415550203328724	471.3753218650818
26	7	917	1	0.8381997346878052	-20.0	-20.411394701295436	472.8053557872772
26	8	857	1	0.6792709827423096	-20.0	-20.407280754282482	474.1289060115814
26	9	853	1	0.9941399097442627	-20.0	-20.403207946739656	475.4463150501251
27	0	977	0	0.4836714267730713	-20.0	-20.39917586727226	480.5551588535309
27	1	973	0	0.19455702602863312	-20.0	-20.395184108599537	482.04432582855225
27	2	971	1	0.706822395324707	-20.0	-20.39123226751354	483.55587887763977
27	3	855	0	0.479514479637146	-20.0	-20.387319944838403	484.8862760066986
27	4	852	0	0.565758228302002	-20.0	-20.383446745390017	486.2061998844147
27	5	1072	1	0.5715994834899902	-19.0	-20.369612277936117	487.89761686325073
27	6	977	1	0.29035860300064087	-20.0	-20.365916155156754	489.41728115081787
27	7	916	1	0.8701139092445374	-20.0	-20.362256993605186	490.8437068462372
27	8	911	1	0.9081958532333374	-20.0	-20.358634423669134	492.2725667953491
27	9	978	0	0.37066885828971863	-20.0	-20.355048079432443	493.7895817756653
28	0	1166	1	0.6690070033073425	-18.0	-20.33149759863812	499.18887996673584
28	1	971	1	0.5507127046585083	-20.0	-20.328182622651738	500.67500591278076
28	2	1161	1	0.9964311122894287	-20.0	-20.32490079642522	502.46610379219055
28	3	972	0	0.4377824664115906	-20.0	-20.321651788460965	503.9489710330963
28	4	818	0	0.3735174834728241	-21.0	-20.328435270576357	505.2223479747772
28	5	913	1	0.8793725371360779	-20.0	-20.32515091787059	506.6573278903961
28	6	915	1	0.9933865666389465	-20.0	-20.321899408691884	508.08911395072937
28	7	855	0	0.33085572719573975	-20.0	-20.318680414604966	509.4113049507141
28	8	972	1	0.6934045553207397	-20.0	-20.315493610458915	510.94788002967834
28	9	974	1	0.7536427974700928	-20.0	-20.312338674354326	512.459499835968
29	0	917	1	0.5575772523880005	-20.0	-20.309215287610783	517.5008101463318
29	1	1501	1	0.5641897916793823	-17.0	-20.27612313473468	519.7707068920135
29	2	972	1	0.9284154772758484	-20.0	-20.273361903387332	521.2828359603882
29	3	916	1	0.6107487082481384	-20.0	-20.270628284353457	522.7081151008606
29	4	1034	1	0.9639526605606079	-20.0	-20.26792200150992	524.2883138656616
29	5	915	1	0.7717016339302063	-20.0	-20.26524278149482	525.6999340057373
29	6	851	0	0.602824866771698	-20.0	-20.262590353679872	527.0394990444183
29	7	1406	0	0.5446397662162781	-18.0	-20.239964450143074	529.2010037899017
29	8	1536	1	0.3414088189601898	-16.0	-20.197564805641644	531.5813820362091
29	9	971	1	0.9938088059425354	-20.0	-20.195589157585225	533.0512599945068
30	0	971	1	0.8231222629547119	-20.0	-20.19363326600937	538.2634928226471
30	1	1499	0	0.35553523898124695	-17.0	-20.16169693334928	540.5605578422546
30	2	1224	1	0.9874795079231262	-18.0	-20.140079964015786	542.3942458629608
30	3	1166	0	0.31898099184036255	-18.0	-20.118679164375628	544.1481790542603
30	4	858	1	0.6810190081596375	-20.0	-20.11749237273187	545.4569721221924
30	5	858	1	0.5444790720939636	-20.0	-20.11631744900455	546.7494390010834
30	6	971	1	0.978710949420929	-20.0	-20.115154274514506	548.237007856369
30	7	975	1	0.4586825966835022	-20.0	-20.11400273176936	549.7055251598358
30	8	1379	0	0.7244810461997986	-17.0	-20.082862704451667	551.8252041339874
30	9	975	1	0.469428151845932	-20.0	-20.08203407740715	553.3304951190948
31	0	1159	0	0.20463243126869202	-20.0	-20.081213736633078	558.7834649085999
31	1	1282	0	0.6848236918449402	-18.0	-20.060401599266747	560.7214517593384
31	2	972	1	0.5208597183227539	-20.0	-20.05979758327408	562.2104058265686
31	3	917	1	0.45808500051498413	-20.0	-20.059199607441336	563.6059279441833
31	4	1504	1	0.6199001669883728	-17.0	-20.028607611366922	565.9051439762115
31	5	1163	0	0.5806951522827148	-18.0	-20.008321535253252	567.7178111076355
31	6	1288	1	0.17544730007648468	-18.0	-19.98823831990072	569.6556169986725
31	7	972	1	0.7665933966636658	-20.0	-19.988355936701712	571.1376011371613
31	8	1288	0	0.7184959650039673	-18.0	-19.968472377334695	573.1109919548035
31	9	856	1	0.5252318382263184	-20.0	-19.968787653561346	574.4234209060669
32	0	973	0	0.3620677590370178	-20.0	-19.969099777025733	579.5389709472656
32	1	972	1	0.4871319532394409	-20.0	-19.969408779255474	581.0048699378967
32	2	1503	1	0.9126755595207214	-17.0	-19.93971469146292	583.3380990028381
32	3	1504	1	0.5677053332328796	-17.0	-19.910317544548292	585.5962159633636
32	4	915	1	0.9708427786827087	-20.0	-19.911214369102808	587.0256011486053
32	5	913	1	0.5380345582962036	-20.0	-19.91210222541178	588.4334228038788
32	6	916	0	0.6895676255226135	-20.0	-19.91298120315766	589.8500640392303
32	7	1500	1	0.5329086184501648	-17.0	-19.883851391126086	592.1539621353149
32	8	1034	1	0.36277806758880615	-20.0	-19.885012877214823	593.7307767868042
32	9	855	1	0.22323580086231232	-20.0	-19.886162748442676	595.0442168712616
33	0	1502	1	0.5821678638458252	-17.0	-19.85730112095825	600.998505115509
33	1	3199	0	0.9999006986618042	21.0	-19.448728109748668	605.837240934372
33	2	1500	1	0.5385832786560059	-17.0	-19.424240828651183	608.1001980304718
33	3	912	1	0.2893489897251129	-20.0	-19.42999842036467	609.4922361373901
33	4	1561	1	0.8699687719345093	-17.0	-19.405698436161025	611.900792837143
33	5	850	0	0.550131618976593	-20.0	-19.411641451799415	613.2270419597626
33	6	974	1	0.9484924674034119	-20.0	-19.417525037281422	614.6922719478607
33	7	973	1	0.5714537501335144	-20.0	-19.423349786908606	616.1628098487854
33	8	914	0	0.36010900139808655	-20.0	-19.42911628903952	617.5402188301086
33	9	972	1	0.546466588973999	-20.0	-19.434825126149125	619.0417838096619
34	0	3197	0	0.9999001026153564	21.0	-19.030476874887633	627.7241270542145
34	1	971	1	0.2055787742137909	-20.0	-19.040172106138755	629.1958138942719
34	2	1096	0	0.2925395965576172	-20.0	-19.049770385077366	630.9009029865265
34	3	916	0	0.777562141418457	-20.0	-19.05927268122659	632.3015477657318
34	4	913	1	0.944844663143158	-20.0	-19.068679954414325	633.7073380947113
34	5	1098	1	0.22240811586380005	-20.0	-19.07799315487018	635.3951709270477
34	6	852	0	0.2392665296792984	-20.0	-19.08721322332148	636.7067949771881
34	7	1032	0	0.4671711325645447	-20.0	-19.096341091088266	638.3011710643768
34	8	1098	1	0.8732879161834717	-20.0	-19.105377680177384	639.9869520664215
34	9	913	0	0.5817428231239319	-20.0	-19.11432390337561	641.3902580738068
35	0	975	1	0.28535571694374084	-20.0	-19.123180664341852	646.6125409603119
35	1	974	0	0.6145995855331421	-20.0	-19.131948857698433	648.0755741596222
35	2	1502	1	0.5265902280807495	-17.0	-19.11062936912145	650.3321468830109
35	3	976	0	0.4638374447822571	-20.0	-19.119523075430237	651.816150188446
35	4	913	1	0.5914379954338074	-20.0	-19.128327844675933	653.2121870517731
35	5	3200	0	0.9999091625213623	21.0	-18.72704456622917	658.142215013504
35	6	1500	1	0.5572969913482666	-17.0	-18.70977412056688	660.4352238178253
35	7	1157	0	0.30280885100364685	-20.0	-18.72267637936121	662.2077920436859
35	8	1259	1	0.5574874877929688	-17.0	-18.7054496155676	664.162948846817
35	9	1035	1	0.7168452739715576	-20.0	-18.718395119411923	665.777321100235
36	0	974	0	0.38703635334968567	-20.0	-18.731211168217804	670.949590921402
36	1	1501	1	0.635262668132782	-17.0	-18.713899056535627	673.287918806076
36	2	1502	1	0.48896780610084534	-17.0	-18.696760065970274	675.609100818634
36	3	1406	1	0.9940593242645264	-18.0	-18.68979246531057	677.7707958221436
36	4	916	1	0.2738589942455292	-20.0	-18.702894540657464	679.1769828796387
36	5	1499	0	0.4818524420261383	-17.0	-18.685865595250892	681.4777979850769
36	6	1501	0	0.5087871551513672	-17.0	-18.669006939298384	683.768581867218
36	7	1831	1	0.9978222846984863	-18.0	-18.6623168699054	686.5607378482819
36	8	3198	0	0.9999179840087891	21.0	-18.265693701206345	691.4363667964935
36	9	971	0	0.3194080889225006	-20.0	-18.283036764194282	692.9001617431641
37	0	1163	0	0.7437153458595276	-18.0	-18.280206396552337	698.3822510242462
37	1	911	1	0.7801541686058044	-20.0	-18.29740433258681	699.757896900177
37	2	2408	0	0.7345340251922607	-10.0	-18.214430289260946	703.4379510879517
37	3	2589	0	0.7345340251922607	-10.0	-18.132285986368338	707.4200270175934
37	4	974	0	0.5047828555107117	-20.0	-18.150963126504653	708.902302980423
37	5	1567	0	0.4693065285682678	-17.0	-18.139453495239607	711.2546629905701
37	6	970	1	0.9935122132301331	-20.0	-18.15805896028721	712.7482388019562
37	7	1478	1	0.45869317650794983	-16.0	-18.136478370684337	715.0670847892761
37	8	1277	1	0.5205564498901367	-20.0	-18.155113586977492	717.0762870311737
37	9	1477	0	0.7672899961471558	-16.0	-18.133562451107718	719.3613979816437
38	0	973	1	0.7970772385597229	-20.0	-18.15222682659664	724.5205430984497
38	1	3560	1	0.5072980523109436	-3.0	-18.000704558330675	729.9582419395447
38	2	3713	0	0.9999198913574219	8.0	-17.74069751274737	735.7560110092163
38	3	2309	1	0.5072980523109436	-13.0	-17.693290537619895	739.3539168834686
38	4	971	1	0.9908846020698547	-20.0	-17.716357632243696	740.8696258068085
38	5	1560	1	0.6059442162513733	-17.0	-17.70919405592126	743.2876110076904
38	6	1153	1	0.552807629108429	-20.0	-17.732102115362046	745.0762917995453
38	7	3201	0	0.9999364614486694	21.0	-17.344781094208425	749.9920659065247
38	8	917	1	0.6642094254493713	-20.0	-17.371333283266342	751.3728349208832
38	9	3000	1	0.4948417842388153	-7.0	-17.26761995043368	755.926552772522
39	0	972	0	0.6460524797439575	-20.0	-17.29494375092934	761.2254469394684
39	1	1789	1	0.3376563489437103	-14.0	-17.26199431342005	763.9762308597565
39	2	974	0	0.6007532477378845	-20.0	-17.28937437028585	765.4708850383759
39	3	974	1	0.6682776212692261	-20.0	-17.31648062658299	766.9527487754822
39	4	3427	0	0.9999326467514038	18.0	-16.96331582031716	772.2074508666992
39	5	3199	0	0.9999485015869141	21.0	-16.583682662113986	777.0911378860474
39	6	910	0	0.9147016406059265	-20.0	-16.617845835492847	778.4827218055725
39	7	3200	0	0.9999485015869141	21.0	-16.24166737713792	783.4168138504028
39	8	1395	0	0.6310288310050964	-20.0	-16.27925070336654	785.559693813324
39	9	915	1	0.9987842440605164	-20.0	-16.316458196332874	786.9802038669586
40	0	1037	1	0.5610102415084839	-20.0	-16.353293614369544	792.4844388961792
40	1	1506	0	0.6121165752410889	-17.0	-16.35976067822585	794.7788560390472
40	2	1319	0	0.36955150961875916	-17.0	-16.366163071443594	796.7969408035278
40	3	975	0	0.48278939723968506	-20.0	-16.402501440729157	798.2957720756531
40	4	1565	0	0.6852274537086487	-17.0	-16.40847642632187	800.6917431354523
40	5	1500	0	0.47984492778778076	-17.0	-16.41439166205865	803.0032567977905
40	6	1500	0	0.6340519785881042	-17.0	-16.42024774543807	805.3253247737885
40	7	1505	0	0.7620513439178467	-17.0	-16.42604526798369	807.6136500835419
40	8	975	1	0.6203708648681641	-20.0	-16.46178481530385	809.0919680595398
40	9	973	1	0.695543646812439	-20.0	-16.49716696715081	810.5756330490112
41	0	1068	0	0.6127603054046631	-19.0	-16.522195297479303	815.9493579864502
41	1	1504	1	0.5109553337097168	-17.0	-16.526973344504512	818.230682849884
41	2	1785	1	0.536974310874939	-14.0	-16.50170361105947	820.9780249595642
41	3	1502	1	0.16059578955173492	-17.0	-16.506686574948876	823.3085708618164
41	4	1993	0	0.5954172015190125	-15.0	-16.491619709199387	826.3797469139099
41	5	977	1	0.5451461672782898	-20.0	-16.526703512107392	827.8576369285583
41	6	1033	1	0.9990662932395935	-20.0	-16.56143647698632	829.420597076416
41	7	917	1	0.2900911569595337	-20.0	-16.595822112216457	830.8034410476685
41	8	853	1	0.6812058687210083	-20.0	-16.629863891094292	832.0958170890808
41	9	913	1	0.9904372096061707	-20.0	-16.66356525218335	833.4872610569
42	0	913	1	0.2898259460926056	-20.0	-16.696929599661516	838.7541120052338
42	1	2278	0	0.6618168354034424	-12.0	-16.6499603036649	842.3991780281067
42	2	1031	1	0.7267577648162842	-20.0	-16.683460700628252	844.0408759117126
42	3	1598	0	0.7852357625961304	-16.0	-16.67662609362197	846.5125887393951
42	4	1562	0	0.5628143548965454	-17.0	-16.67985983268575	848.8912270069122
42	5	914	1	0.412685364484787	-20.0	-16.713061234358893	850.2754919528961
42	6	1503	1	0.366380900144577	-17.0	-16.715930622015307	852.5908179283142
42	7	2364	1	0.37150585651397705	-13.0	-16.678771315795153	856.216136932373
42	8	1223	1	0.994769275188446	-18.0	-16.6919836026372	858.1084659099579
42	9	911	0	0.5165643095970154	-20.0	-16.725063766610827	859.5407378673553
43	0	3196	0	0.999969482421875	21.0	-16.34781312894472	868.1820728778839
43	1	1566	0	0.5532005429267883	-17.0	-16.354334997655272	870.5345330238342
43	2	974	1	0.9854713678359985	-20.0	-16.390791647678718	872.0250718593597
43	3	1501	1	0.4467994272708893	-17.0	-16.39688373120193	874.3537650108337
43	4	3200	0	0.999969482421875	21.0	-16.02291489388991	879.3073239326477
43	5	1564	1	0.6769037246704102	-17.0	-16.032685744951014	881.7538461685181
43	6	1160	1	0.7546796202659607	-20.0	-16.072358887501505	883.5474569797516
43	7	1068	1	0.9979389309883118	-19.0	-16.10163529862649	885.2485997676849
43	8	2412	1	0.5228884816169739	-10.0	-16.040618945640226	888.9657499790192
43	9	3813	0	0.9999594688415527	7.0	-15.810212756183823	894.8764817714691
44	0	3196	0	0.9999758005142212	21.0	-15.442110628621984	903.4560651779175
44	1	1158	1	0.9984596967697144	-20.0	-15.487689522335764	905.2688760757446
44	2	1408	0	0.5865205526351929	-18.0	-15.512812627112405	907.4542090892792
44	3	2193	1	0.9755304455757141	-11.0	-15.46768450084128	910.8406269550323
44	4	1621	1	0.6911414265632629	-17.0	-15.483007655832866	913.3852050304413
44	5	973	1	0.8561273217201233	-20.0	-15.528177579274537	914.8675427436829
44	6	913	1	0.9837393164634705	-20.0	-15.57289580348179	916.2903780937195
44	7	973	1	0.5437712669372559	-20.0	-15.617166845446972	917.7668681144714
44	8	911	1	0.699028730392456	-20.0	-15.660995176992502	919.1614191532135
44	9	1502	1	0.6598061919212341	-17.0	-15.674385225222577	921.4649999141693
45	0	1504	1	0.6915915608406067	-17.0	-15.68764137297035	927.4668879508972
45	1	1501	1	0.46991127729415894	-17.0	-15.700764959240647	929.758003950119
45	2	1216	1	0.7401468753814697	-20.0	-15.74375730964824	931.6465611457825
45	3	3197	0	0.9999810457229614	21.0	-15.376319736551757	936.5436627864838
45	4	1132	1	0.7168515920639038	-19.0	-15.41255653918624	938.2756359577179
45	5	1499	0	0.5148335695266724	-17.0	-15.428430973794377	940.547917842865
45	6	1040	1	0.30883318185806274	-20.0	-15.474146664056432	942.1467740535736
45	7	3198	0	0.9999810457229614	21.0	-15.109405197415867	947.0763449668884
45	8	1132	1	0.9013674855232239	-19.0	-15.148311145441708	948.8126637935638
45	9	914	1	0.6924551725387573	-20.0	-15.19682803398729	950.1970088481903
46	0	916	0	0.3390614092350006	-20.0	-15.244859753647416	955.319620847702
46	1	1129	1	0.5783295631408691	-19.0	-15.28241115611094	957.043466091156
46	2	1505	0	0.38521501421928406	-17.0	-15.299587044549831	959.3463890552521
46	3	976	1	0.7479721307754517	-20.0	-15.346591174104333	960.851233959198
46	4	1069	1	0.7299574017524719	-19.0	-15.383125262363288	962.525533914566
46	5	1501	1	0.37376582622528076	-17.0	-15.399294009739656	964.8824410438538
46	6	976	1	0.6829387545585632	-20.0	-15.445301069642259	966.3742179870605
46	7	976	0	0.4874216318130493	-20.0	-15.490848058945835	967.8689379692078
46	8	1566	0	0.323386013507843	-17.0	-15.505939578356376	970.281012058258
46	9	1563	1	0.36819005012512207	-17.0	-15.520880182572812	972.680823802948
47	0	1559	0	0.6278186440467834	-17.0	-15.535671380747084	978.8478028774261
47	1	914	0	0.2579021751880646	-20.0	-15.580314666939612	980.2710189819336
47	2	1065	1	0.6759305596351624	-19.0	-15.614511520270216	981.9435260295868
47	3	1562	1	0.9850869178771973	-17.0	-15.628366405067514	984.3394329547882
47	4	1626	0	0.6391298770904541	-17.0	-15.642082741016837	986.8479208946228
47	5	3946	0	0.9999829530715942	3.0	-15.45566191360667	992.7945780754089
47	6	1066	1	0.7581393122673035	-19.0	-15.491105294470604	994.4080867767334
47	7	2995	0	0.9500978589057922	-9.0	-15.426194241525897	998.9777779579163
47	8	1011	1	0.4225280284881592	-19.0	-15.461932299110638	1000.5430719852448
47	9	1957	0	0.38415566086769104	-16.0	-15.467312976119532	1003.5815589427948
48	0	4260	1	0.9928817749023438	-2.0	-15.332639846358335	1013.8713779449463
48	1	3201	0	0.9999823570251465	21.0	-14.96931344789475	1018.6891059875488
48	2	3303	0	0.9999823570251465	18.0	-14.639620313415802	1023.7051119804382
48	3	1997	1	0.585381269454956	-15.0	-14.643224110281645	1026.7757000923157
48	4	911	1	0.8044479489326477	-20.0	-14.696791869178828	1028.2286989688873
48	5	3708	0	0.9999767541885376	3.0	-14.51982395048704	1033.9207661151886
48	6	2213	1	0.5106562972068787	-14.0	-14.514625710982171	1037.276839017868
48	7	4038	0	0.9491828083992004	-5.0	-14.41947945387235	1043.4996979236603
48	8	3197	0	0.9999823570251465	21.0	-14.065284659333626	1048.4338529109955
48	9	1501	0	0.48934608697891235	-17.0	-14.094631812740289	1050.7772340774536
49	0	1624	0	0.547522783279419	-17.0	-14.123685494612886	1057.1726479530334
49	1	2180	0	0.49024829268455505	-15.0	-14.132448639666757	1060.5525839328766
49	2	1093	1	0.7330636978149414	-20.0	-14.191124153270088	1062.2556619644165
49	3	1071	0	0.5658106803894043	-19.0	-14.239212911737386	1063.886323928833
49	4	3200	0	0.9999849796295166	21.0	-13.886820782620012	1068.7684707641602
49	5	3387	0	0.9999796152114868	14.0	-13.607952574793812	1073.8654119968414
49	6	3198	0	0.9999849796295166	21.0	-13.261873049045873	1078.7136437892914
49	7	3198	0	0.9999849796295166	21.0	-12.919254318555414	1083.656376838684
49	8	1039	1	0.8869025111198425	-20.0	-12.990061775369858	1085.2741918563843
49	9	1032	1	0.9821900129318237	-20.0	-13.06016115761616	1086.860456943512
