0	0	879	1	0.5569944977760315	-21.0	-21.0	1.4933791160583496
0	1	1121	1	0.6426417231559753	-21.0	-21.0	3.2349729537963867
0	2	1217	0	0.8563684225082397	-20.0	-20.99	5.135150194168091
0	3	943	0	0.9112212657928467	-21.0	-20.990099999999998	6.600779056549072
0	4	818	0	0.41379445791244507	-21.0	-20.990199	7.873327255249023
0	5	973	0	0.7869067192077637	-20.0	-20.98029701	9.377264976501465
0	6	1096	1	0.6015205383300781	-20.0	-20.9704940399	11.09118914604187
0	7	820	1	0.4646202325820923	-21.0	-20.970789099501	12.411672115325928
0	8	757	1	0.6648033857345581	-21.0	-20.971081208505993	13.6387300491333
0	9	1061	0	0.7335588932037354	-21.0	-20.971370396420934	15.361537218093872
1	0	942	0	0.5190328359603882	-21.0	-20.971656692456726	20.497797966003418
1	1	935	1	0.6948146820068359	-21.0	-20.97194012553216	21.995152950286865
1	2	914	0	0.7474267482757568	-20.0	-20.96222072427684	23.474496126174927
1	3	881	0	0.3997499644756317	-21.0	-20.96259851703407	24.885456323623657
1	4	997	0	0.7185015082359314	-21.0	-20.96297253186373	26.432720184326172
1	5	1033	0	0.8502053618431091	-20.0	-20.95334280654509	28.038971185684204
1	6	935	0	0.8571246862411499	-21.0	-20.95380937847964	29.538255214691162
1	7	1313	1	0.3400927186012268	-19.0	-20.934271284694844	31.59726119041443
1	8	1226	1	0.5548081398010254	-18.0	-20.904928571847897	33.50968408584595
1	9	759	1	0.5765612721443176	-21.0	-20.90587928612942	34.695143938064575
2	0	1003	1	0.43145623803138733	-21.0	-20.906820493268125	39.85401701927185
2	1	1157	0	0.23359449207782745	-20.0	-20.897752288335443	41.6669282913208
2	2	878	1	0.8792632818222046	-21.0	-20.89877476545209	43.05578303337097
2	3	997	0	0.508852481842041	-21.0	-20.899787017797568	44.62407398223877
2	4	1217	0	0.6043846607208252	-20.0	-20.890789147619593	46.52594804763794
2	5	1119	1	0.41507041454315186	-21.0	-20.891881256143396	48.26312613487244
2	6	1154	1	0.7992531061172485	-20.0	-20.88296244358196	50.09919309616089
2	7	1067	0	0.25660863518714905	-19.0	-20.864132819146143	51.79055714607239
2	8	999	0	0.6126763224601746	-21.0	-20.865491490954682	53.4022490978241
2	9	1010	0	0.7527809143066406	-19.0	-20.846836576045135	55.00607895851135
3	0	1003	0	0.633695125579834	-21.0	-20.848368210284683	60.34821820259094
3	1	940	1	0.42666298151016235	-21.0	-20.849884528181835	61.855321168899536
3	2	995	1	0.6209404468536377	-21.0	-20.851385682900016	63.450623989105225
3	3	1160	0	0.7448022961616516	-20.0	-20.842871826071015	65.29746508598328
3	4	1091	0	0.7560471892356873	-20.0	-20.834443107810305	67.03661704063416
3	5	1227	0	0.7448022961616516	-18.0	-20.8060986767322	68.97802805900574
3	6	939	1	0.7630320191383362	-21.0	-20.80803768996488	70.46349501609802
3	7	1179	1	0.1555093228816986	-21.0	-20.809957313065233	72.30006098747253
3	8	1436	0	0.7992808818817139	-17.0	-20.771857739934582	74.56400108337402
3	9	937	0	0.8784005045890808	-21.0	-20.774139162535235	76.04054999351501
4	0	1119	1	0.19098103046417236	-21.0	-20.776397770909885	81.57743906974792
4	1	819	1	0.9230147004127502	-21.0	-20.778633793200786	82.89528203010559
4	2	1404	0	0.7561106085777283	-18.0	-20.75084745526878	85.14714813232422
4	3	1156	1	0.5934128165245056	-20.0	-20.74333898071609	86.99369025230408
4	4	1215	1	0.7272533178329468	-20.0	-20.735905590908928	88.94895601272583
4	5	1095	1	0.16120488941669464	-20.0	-20.728546534999836	90.71246695518494
4	6	1310	1	0.10346727818250656	-19.0	-20.71126106964984	92.75334930419922
4	7	979	1	0.5336217880249023	-20.0	-20.70414845895334	94.32878017425537
4	8	1477	1	0.9759275913238525	-16.0	-20.657106974363806	96.68596315383911
4	9	1030	1	0.30584225058555603	-20.0	-20.650535904620167	98.29808521270752
5	0	1552	0	0.7311405539512634	-19.0	-20.634030545573967	104.39742708206177
5	1	1516	1	0.688180148601532	-15.0	-20.577690240118226	106.80275511741638
5	2	1158	0	0.41628584265708923	-20.0	-20.571913337717042	108.67268514633179
5	3	915	1	0.9844114184379578	-20.0	-20.566194204339872	110.11140990257263
5	4	1095	0	0.5641505718231201	-20.0	-20.560532262296473	111.82788610458374
5	5	1000	1	0.984886109828949	-21.0	-20.56492693967351	113.41294813156128
5	6	1476	1	0.28402408957481384	-16.0	-20.519277670276775	115.75299310684204
5	7	1031	0	0.7236103415489197	-20.0	-20.514084893574008	117.37855529785156
5	8	1368	1	0.03646206483244896	-19.0	-20.498944044638268	119.53832197189331
5	9	1157	0	0.4572497606277466	-20.0	-20.493954604191885	121.39176416397095
6	0	1778	0	0.28078290820121765	-18.0	-20.469015058149964	127.96139597892761
6	1	1251	0	0.801345705986023	-19.0	-20.454324907568466	129.91105008125305
6	2	1653	1	0.8778830766677856	-18.0	-20.429781658492782	132.4932460784912
6	3	1376	0	0.8481040596961975	-19.0	-20.415483841907857	134.68100309371948
6	4	1411	0	0.7302928566932678	-18.0	-20.391329003488778	136.843985080719
6	5	1318	0	0.3282925486564636	-17.0	-20.357415713453893	138.94062328338623
6	6	1656	1	0.8001474142074585	-18.0	-20.333841556319353	141.56141805648804
6	7	1476	0	0.34402427077293396	-16.0	-20.290503140756158	143.8761501312256
6	8	1940	0	0.7167805433273315	-15.0	-20.237598109348596	146.95488214492798
6	9	1569	0	0.46555793285369873	-17.0	-20.205222128255112	149.4427080154419
7	0	1728	0	0.7136430144309998	-14.0	-20.143169906972563	155.8741111755371
7	1	1696	1	0.5361343026161194	-15.0	-20.091738207902836	158.5126190185547
7	2	1365	1	0.8941316604614258	-21.0	-20.100820825823806	160.71880292892456
7	3	1394	1	0.14119185507297516	-20.0	-20.09981261756557	162.89021015167236
7	4	1259	0	0.23632065951824188	-17.0	-20.068814491389915	164.89334297180176
7	5	1543	1	0.14119185507297516	-16.0	-20.028126346476014	167.31681513786316
7	6	1737	1	0.21603962779045105	-12.0	-19.947845083011256	170.09910607337952
7	7	1590	1	0.45799434185028076	-18.0	-19.92836663218114	172.63493990898132
7	8	1525	0	0.8107156753540039	-20.0	-19.92908296585933	175.03430104255676
7	9	1741	0	0.6485216617584229	-17.0	-19.899792136200738	177.73869228363037
8	0	1165	0	0.8950428366661072	-18.0	-19.88079421483873	183.31990504264832
8	1	1840	1	0.4274744689464569	-16.0	-19.84198627269034	186.16297912597656
8	2	1635	0	0.6183426976203918	-15.0	-19.793566409963436	188.68455910682678
8	3	1603	0	0.28100576996803284	-16.0	-19.7556307458638	191.1804440021515
8	4	1217	0	0.4446018934249878	-20.0	-19.758074438405163	193.10347819328308
8	5	1828	0	0.9911873936653137	-13.0	-19.69049369402111	195.9647979736328
8	6	1309	0	0.27073901891708374	-19.0	-19.6835887570809	198.02505803108215
8	7	1721	0	0.30792906880378723	-16.0	-19.64675286951009	200.74652218818665
8	8	1157	0	0.859981894493103	-20.0	-19.65028534081499	202.55346012115479
8	9	1475	1	0.823326587677002	-16.0	-19.61378248740684	204.86092114448547
9	0	1602	1	0.09182320535182953	-16.0	-19.577644662532773	211.09647011756897
9	1	1104	1	0.856764018535614	-18.0	-19.561868215907445	212.85749506950378
9	2	1346	0	0.8347160816192627	-18.0	-19.54624953374837	215.00949001312256
9	3	1445	1	0.737937867641449	-17.0	-19.520787038410887	217.29846620559692
9	4	1467	0	0.8828989863395691	-18.0	-19.505579168026777	219.58196711540222
9	5	1640	0	0.8786881566047668	-13.0	-19.44052337634651	222.15546131134033
9	6	1491	0	0.8641380667686462	-19.0	-19.436118142583044	224.52352118492126
9	7	1884	1	0.8412359356880188	-13.0	-19.371756961157214	227.44739413261414
9	8	1822	1	0.9854222536087036	-15.0	-19.32803939154564	230.3227641582489
9	9	1906	1	0.45902055501937866	-16.0	-19.294758997630183	233.35668206214905
10	0	1600	1	0.4566343426704407	-16.0	-19.26181140765388	239.62597012519836
10	1	1909	1	0.7961132526397705	-14.0	-19.209193293577343	242.59495210647583
10	2	1602	0	0.8512890934944153	-16.0	-19.17710136064157	245.11298632621765
10	3	1722	0	0.2962796092033386	-16.0	-19.145330347035152	247.86252808570862
10	4	1901	1	0.6240059733390808	-16.0	-19.113877043564802	250.8888840675354
10	5	1827	1	0.7977203726768494	-13.0	-19.052738273129155	253.79641604423523
10	6	1155	1	0.8274227380752563	-20.0	-19.06221089039786	255.6313920021057
10	7	1646	0	0.20510515570640564	-18.0	-19.05158878149388	258.2048819065094
10	8	2883	1	0.6372542977333069	-7.0	-18.93107289367894	262.80207324028015
10	9	1472	1	0.5372577905654907	-16.0	-18.901762164742152	265.15815711021423
11	0	1970	0	0.4421389102935791	-14.0	-18.85274454309473	272.15840101242065
11	1	1364	1	0.3414967358112335	-21.0	-18.874217097663784	274.3090682029724
11	2	2017	1	0.6063874363899231	-11.0	-18.795474926687145	277.496915102005
11	3	2187	0	0.5947593450546265	-13.0	-18.737520177420272	280.99106001853943
11	4	2078	0	0.6178674101829529	-11.0	-18.66014497564607	284.27483224868774
11	5	2056	0	0.3837110102176666	-10.0	-18.57354352588961	287.5135691165924
11	6	2035	1	0.7003684043884277	-14.0	-18.527808090630717	290.7989959716797
11	7	2020	1	0.6499189734458923	-16.0	-18.50253000972441	293.9412832260132
11	8	1682	1	0.7607547044754028	-17.0	-18.487504709627167	296.5602262020111
11	9	2216	0	0.46118664741516113	-14.0	-18.442629662530894	300.06586027145386
12	0	1527	0	0.3693868815898895	-18.0	-18.438203365905586	306.2097291946411
12	1	2169	1	0.9613442420959473	-10.0	-18.353821332246532	309.68517994880676
12	2	1945	1	0.7756905555725098	-13.0	-18.300283118924067	312.78177523612976
12	3	2402	0	0.4379425346851349	-12.0	-18.237280287734826	316.58403515815735
12	4	2420	0	0.5568345785140991	-10.0	-18.15490748485748	320.4769251346588
12	5	2394	1	0.7741954922676086	-9.0	-18.063358410008902	324.2357051372528
12	6	2355	1	0.8854038119316101	-10.0	-17.982724825908814	327.9677109718323
12	7	1663	1	0.5838860869407654	-16.0	-17.962897577649727	330.55407214164734
12	8	2801	1	0.5484781265258789	-6.0	-17.843268601873227	335.01313614845276
12	9	2298	0	0.6419511437416077	-15.0	-17.81483591585449	338.65201115608215
13	0	2544	0	0.9006726145744324	-8.0	-17.716687556695945	346.60949516296387
13	1	2870	1	0.8499564528465271	-4.0	-17.579520681128983	351.1787850856781
13	2	2538	1	0.6676117181777954	-10.0	-17.503725474317694	355.16399121284485
13	3	2387	0	0.3952144384384155	-9.0	-17.418688219574516	358.9198431968689
13	4	1667	1	0.27358609437942505	-14.0	-17.384501337378772	361.57815408706665
13	5	2199	1	0.5159487128257751	-11.0	-17.320656324004982	365.1170189380646
13	6	2392	1	0.9634673595428467	-14.0	-17.287449760764932	368.98052525520325
13	7	2699	0	0.8657003045082092	-14.0	-17.254575263157285	373.2674219608307
13	8	2876	0	0.33745887875556946	-7.0	-17.15202951052571	377.8595390319824
13	9	2287	1	0.9852042198181152	-12.0	-17.100509215420455	381.53183794021606
14	0	2546	1	0.7404900789260864	-8.0	-17.00950412326625	389.39630007743835
14	1	2267	1	0.7056505084037781	-16.0	-16.999409082033587	392.97805404663086
14	2	2414	1	0.8217944502830505	-10.0	-16.929414991213253	396.7208471298218
14	3	1967	0	0.8270655870437622	-16.0	-16.92012084130112	399.8471622467041
14	4	2692	1	0.9503660202026367	-9.0	-16.84091963288811	404.1294641494751
14	5	2863	0	0.7845197319984436	-4.0	-16.712510436559228	408.68963718414307
14	6	2229	1	0.8693910241127014	-12.0	-16.665385332193637	412.1727030277252
14	7	2533	1	0.9984508752822876	-12.0	-16.6187314788717	416.2328610420227
14	8	1752	1	0.7077529430389404	-17.0	-16.622544164082985	419.05105113983154
14	9	2796	0	0.4204939007759094	-8.0	-16.536318722442154	423.37927508354187
15	0	3124	1	0.7739065289497375	-2.0	-16.39095553521773	432.20891404151917
15	1	3052	0	0.8760138750076294	-2.0	-16.247045979865554	437.0439031124115
15	2	2402	0	0.6839383840560913	-12.0	-16.2045755200669	440.8731689453125
15	3	2975	0	0.9988916516304016	7.0	-15.97252976486623	445.56703329086304
15	4	2511	0	0.5804194211959839	-9.0	-15.902804467217567	449.5134861469269
15	5	2681	0	0.21047331392765045	-6.0	-15.803776422545392	453.774126291275
15	6	2451	1	0.9683682322502136	-9.0	-15.735738658319937	457.6441249847412
15	7	2414	0	0.8502947092056274	-10.0	-15.678381271736736	461.4920473098755
15	8	3364	1	0.4924834966659546	-2.0	-15.541597459019368	466.8608891963959
15	9	2018	1	0.9531176686286926	-11.0	-15.496181484429174	470.0386321544647
16	0	3246	1	0.9990584254264832	1.0	-15.331219669584883	479.00440311431885
16	1	2409	0	0.912118136882782	-12.0	-15.297907472889033	482.8012239933014
16	2	3476	1	0.9677477478981018	-4.0	-15.184928398160142	488.24994015693665
16	3	1897	1	0.9246801733970642	-18.0	-15.21307911417854	491.2405951023102
16	4	2537	0	0.6247202754020691	-10.0	-15.160948323036754	495.2134711742401
16	5	3429	1	0.8804265260696411	-2.0	-15.029338839806385	500.6303610801697
16	6	2999	0	0.4287217855453491	-9.0	-14.969045451408322	505.35170221328735
16	7	2582	1	0.8330279588699341	-14.0	-14.95935499689424	509.43289518356323
16	8	2811	0	0.6022168397903442	-9.0	-14.899761446925297	513.8611490726471
16	9	3698	1	0.9967485666275024	2.0	-14.730763832456043	519.625342130661
17	0	3727	1	0.9982329607009888	3.0	-14.553456194131483	529.448979139328
17	1	2425	1	0.7460204362869263	-10.0	-14.507921632190168	533.2762932777405
17	2	2573	0	0.9154075384140015	10.0	-14.262842415868267	537.3396019935608
17	3	3287	0	0.22257661819458008	-4.0	-14.160213991709583	542.5328650474548
17	4	2219	1	0.936097264289856	-14.0	-14.158611851792488	546.0137369632721
17	5	2421	1	0.9873034358024597	14.0	-13.877025733274563	549.8471732139587
17	6	2811	1	0.9993940591812134	5.0	-13.688255475941816	554.2792060375214
17	7	2792	1	0.7418470978736877	-8.0	-13.631372921182397	558.6444571018219
17	8	3479	1	0.9963704347610474	1.0	-13.485059191970572	564.1284050941467
17	9	3345	0	0.9656380414962769	-6.0	-13.410208600050867	569.3402330875397
18	0	2633	1	0.9972074627876282	13.0	-13.146106514050357	577.4270911216736
18	1	3616	1	0.9987360835075378	4.0	-12.974645448909854	583.1568191051483
18	2	2852	1	0.9937198162078857	-6.0	-12.904898994420757	587.6981892585754
18	3	2370	1	0.9998373985290527	14.0	-12.635850004476548	591.4543280601501
18	4	1930	0	0.7430282831192017	-17.0	-12.679491504431782	594.5548560619354
18	5	3544	1	0.9989866614341736	1.0	-12.542696589387464	600.193883895874
18	6	2970	1	0.9995428323745728	2.0	-12.39726962349359	604.8939950466156
18	7	2409	1	0.998206377029419	13.0	-12.143296927258653	608.7195489406586
18	8	1972	0	0.8984842300415039	-14.0	-12.161863957986068	611.8304760456085
18	9	3644	1	0.8326706290245056	-1.0	-12.050245318406207	617.594042301178
19	0	2975	1	0.6847774982452393	-6.0	-11.989742865222144	626.2663459777832
19	1	3304	0	0.9984293580055237	3.0	-11.839845436569924	631.5052361488342
19	2	3367	1	0.9992069602012634	3.0	-11.691446982204225	636.8026902675629
19	3	3414	1	0.9997789263725281	5.0	-11.524532512382182	642.1594250202179
19	4	2315	1	0.9991698265075684	14.0	-11.269287187258358	645.8401169776917
19	5	3214	1	0.9998335838317871	2.0	-11.136594315385775	650.9387352466583
19	6	3505	1	0.9987144470214844	2.0	-11.005228372231917	656.5267353057861
19	7	2659	1	0.9980904459953308	14.0	-10.755176088509597	660.7850019931793
19	8	1988	1	0.9980904459953308	21.0	-10.4376243276245	663.9763920307159
19	9	2790	1	0.9979487061500549	-8.0	-10.413248084348254	668.364312171936
20	0	3115	1	0.9991366267204285	3.0	-10.279115603504772	677.2550311088562
20	1	3135	1	0.9988318085670471	6.0	-10.116324447469724	682.2604019641876
20	2	3270	1	0.914276123046875	-3.0	-10.045161202995025	687.4505250453949
20	3	2913	1	0.9989684820175171	5.0	-9.894709590965075	692.0923609733582
20	4	2621	1	0.9994331002235413	12.0	-9.675762495055425	696.2627980709076
20	5	2457	1	0.9941937327384949	13.0	-9.44900487010487	700.182629108429
20	6	2407	1	0.9978072047233582	16.0	-9.194514821403821	703.9877939224243
20	7	2804	0	0.9964653253555298	12.0	-8.982569673189785	708.3937082290649
20	8	2663	1	0.9994964599609375	11.0	-8.782743976457887	712.6429603099823
20	9	2047	1	0.9984342455863953	21.0	-8.484916536693307	715.9101550579071
21	0	2878	1	0.9996966123580933	10.0	-8.300067371326374	724.4938409328461
21	1	2564	1	0.9998809099197388	12.0	-8.097066697613112	728.6487021446228
21	2	2533	1	0.9998482465744019	13.0	-7.88609603063698	732.608558177948
21	3	1989	1	0.9993211030960083	21.0	-7.59723507033061	735.7613201141357
21	4	2370	1	0.9991064667701721	14.0	-7.381262719627304	739.5608351230621
21	5	2815	1	0.9998809099197388	10.0	-7.207450092431031	744.0329852104187
21	6	2341	1	0.9976880550384521	18.0	-6.955375591506721	747.7291688919067
21	7	1991	1	0.9993211030960083	21.0	-6.675821835591654	750.8953680992126
21	8	2177	1	0.9993211030960083	19.0	-6.419063617235737	754.3971872329712
21	9	3142	1	0.9999151229858398	6.0	-6.29487298106338	759.4106340408325
22	0	2087	1	0.9996088147163391	20.0	-6.031924251252746	766.5158972740173
22	1	1985	1	0.9997132420539856	21.0	-5.761605008740219	769.6078999042511
22	2	2609	1	0.998847484588623	12.0	-5.583988958652816	773.7022919654846
22	3	2512	1	0.9997132420539856	13.0	-5.398149069066288	777.6373190879822
22	4	2843	1	0.9994014501571655	4.0	-5.304167578375625	782.1080589294434
22	5	2206	1	0.9999676942825317	17.0	-5.081125902591869	785.5542352199554
22	6	2580	1	0.9982819557189941	10.0	-4.930314643565951	789.6349451541901
22	7	2927	1	0.9998230338096619	5.0	-4.831011497130292	794.2029640674591
22	8	2638	1	0.999850869178772	10.0	-4.68270138215899	798.3158202171326
22	9	2934	1	0.9993699193000793	8.0	-4.5558743683374	803.0312080383301
23	0	2729	1	0.9993742108345032	12.0	-4.390315624654026	811.3452470302582
23	1	2907	1	0.9998924732208252	7.0	-4.276412468407485	815.8865361213684
23	2	3078	1	0.9887824654579163	6.0	-4.173648343723411	820.6947059631348
23	3	2929	1	0.9998175501823425	5.0	-4.081911860286176	825.3102202415466
23	4	2254	1	0.9998262524604797	17.0	-3.8710927416833147	828.8968682289124
23	5	2436	1	0.9979991316795349	14.0	-3.6923818142664815	832.6981341838837
23	6	2732	1	0.9995083808898926	12.0	-3.5354579961238164	836.9786150455475
23	7	2350	1	0.9993742108345032	13.0	-3.3701034161625785	840.7003662586212
23	8	2357	1	0.9998262524604797	14.0	-3.1964023820009526	844.3943331241608
23	9	2247	1	0.9998262524604797	17.0	-2.9944383581809433	847.9230952262878
24	0	2444	1	0.9997724890708923	12.0	-2.844493974599134	855.6161170005798
24	1	2532	1	0.999116837978363	13.0	-2.6860490348531427	859.6870241165161
24	2	2813	1	0.9994024038314819	10.0	-2.559188544504611	864.0899031162262
24	3	2880	1	0.7855345010757446	-9.0	-2.6235966590595647	868.5185239315033
24	4	3342	1	0.9998040795326233	2.0	-2.577360692468969	873.7832851409912
24	5	2816	1	0.9999226331710815	13.0	-2.4215870855442794	878.2151811122894
24	6	3398	1	0.9994024038314819	7.0	-2.327371214688837	883.5696830749512
24	7	3202	1	0.9998387098312378	6.0	-2.2440975025419485	888.6736440658569
24	8	3900	1	0.9997360110282898	3.0	-2.191656527516529	894.8948860168457
24	9	3221	1	0.9985952973365784	2.0	-2.1497399622413638	899.9608290195465
25	0	3124	1	0.9976794123649597	8.0	-2.04824256261895	908.7758452892303
25	1	2438	1	0.9989421963691711	14.0	-1.8877601369927604	912.6606950759888
25	2	2822	1	0.9988695979118347	8.0	-1.7888825356228326	917.1180670261383
25	3	2543	1	0.9980053305625916	16.0	-1.6109937102666043	921.1806039810181
25	4	1986	1	0.9998610019683838	21.0	-1.3848837731639383	924.3298270702362
25	5	2628	1	0.9972621202468872	12.0	-1.251034935432299	928.4907991886139
25	6	2542	1	0.9997449517250061	11.0	-1.1285245860779758	932.553275346756
25	7	2967	1	0.9999098777770996	7.0	-1.047239340217196	937.2771232128143
25	8	2109	0	0.5869055986404419	-12.0	-1.156766946815024	940.6028029918671
25	9	2722	1	0.9760000109672546	-10.0	-1.2451992773468736	944.9393889904022
26	0	3019	1	0.9998878240585327	9.0	-1.1427472845734048	953.812488079071
26	1	1989	1	0.9998310804367065	21.0	-0.9213198117276709	957.0219011306763
26	2	2882	0	0.8696025609970093	-9.0	-1.0021066136103942	961.5915462970734
26	3	3858	1	0.9991745352745056	1.0	-0.9820855474742902	967.901771068573
26	4	3425	1	0.998406708240509	3.0	-0.9422646919995473	973.4349162578583
26	5	2277	1	0.9998310804367065	18.0	-0.7528420450795519	977.0392169952393
26	6	2900	0	0.7027653455734253	-10.0	-0.8453136246287564	981.7812120914459
26	7	1989	1	0.9998302459716797	21.0	-0.6268604883824689	984.9095950126648
26	8	2493	1	0.9998010993003845	17.0	-0.4505918834986441	988.8683080673218
26	9	2310	1	0.9998180270195007	14.0	-0.3060859646636576	992.6415681838989
27	0	2202	1	0.9998747110366821	20.0	-0.103025105017021	1000.1639850139618
27	1	2340	1	0.9983367919921875	15.0	0.048005146033149204	1003.9408731460571
27	2	1986	1	0.9998113512992859	21.0	0.2575250945728177	1007.1280372142792
27	3	1986	1	0.9998113512992859	21.0	0.46494984362708947	1010.3573739528656
27	4	1990	1	0.9998113512992859	21.0	0.6703003451908186	1013.5605101585388
27	5	1988	1	0.9998113512992859	21.0	0.8735973417389103	1016.6617770195007
27	6	2992	1	0.9998113512992859	8.0	0.9448613683215212	1021.447371006012
27	7	2566	1	0.9999490976333618	12.0	1.055412754638306	1025.5847001075745
27	8	2922	1	0.9997574687004089	10.0	1.1448586270919232	1030.2875430583954
27	9	2962	1	0.9991359114646912	11.0	1.243410040821004	1035.0575890541077
28	0	2822	1	0.9998520612716675	13.0	1.3609759404127941	1043.5213949680328
28	1	2218	1	0.9994840621948242	15.0	1.497366181008666	1047.0467021465302
28	2	1985	1	0.9997649788856506	21.0	1.6923925191985794	1050.188700914383
28	3	2243	1	0.9987202882766724	16.0	1.8354685940065936	1053.7816820144653
28	4	2981	1	0.9992589354515076	7.0	1.8871139080665276	1058.5618000030518
28	5	3781	1	0.6457427740097046	-4.0	1.8282427689858622	1064.6661520004272
28	6	2927	1	0.9998520612716675	10.0	1.9099603412960038	1069.4559979438782
28	7	1990	1	0.9997649788856506	21.0	2.100860737883044	1072.5860052108765
28	8	2276	0	0.977719247341156	15.0	2.2298521305042134	1076.2162539958954
28	9	2603	1	0.9992589354515076	16.0	2.3675536091991716	1080.4562890529633
29	0	2337	1	0.9996699094772339	15.0	2.49387807310718	1088.1332821846008
29	1	4030	1	0.9994545578956604	1.0	2.4789392923761078	1094.7141902446747
29	2	3368	1	0.9998599290847778	6.0	2.5141498994523466	1100.2259862422943
29	3	2755	1	0.9994545578956604	10.0	2.589008400457823	1104.7336280345917
29	4	2843	1	0.9998599290847778	14.0	2.703118316453245	1109.2843770980835
29	5	2802	1	0.9997455477714539	12.0	2.7960871332887125	1113.8848299980164
29	6	2793	1	0.9997455477714539	9.0	2.8581262619558254	1118.2934651374817
29	7	3174	1	0.9998260140419006	5.0	2.879544999336267	1123.405373096466
29	8	3926	1	0.9999634027481079	1.0	2.8607495493429043	1129.7388241291046
29	9	2744	1	0.9995853304862976	12.0	2.9521420538494754	1134.223731994629
30	0	2713	1	0.9998452663421631	13.0	3.0526206333109807	1142.5743172168732
30	1	2081	1	0.9995498061180115	20.0	3.222094426977871	1146.0493562221527
30	2	3251	0	0.9986010193824768	1.0	3.199873482708092	1151.331423997879
30	3	2081	1	0.9996678829193115	20.0	3.367874747881011	1154.7098770141602
30	4	2112	1	0.9996678829193115	21.0	3.544196000402201	1158.0783970355988
30	5	3427	1	0.9997158646583557	3.0	3.5387540403981785	1163.5956580638885
30	6	2805	1	0.9999836683273315	12.0	3.623366499994197	1168.0762503147125
30	7	3130	1	0.9997158646583557	8.0	3.667132834994255	1173.1460411548615
30	8	2789	1	0.9999539852142334	14.0	3.770461506644313	1177.5708858966827
30	9	2396	1	0.9998027682304382	18.0	3.9127568915778697	1181.4255340099335
31	0	2118	1	0.9996588230133057	19.0	4.063629322662091	1188.7510521411896
31	1	3379	1	0.9999837875366211	6.0	4.08299302943547	1194.239953994751
31	2	1988	1	0.9994075298309326	21.0	4.252163099141115	1197.447832107544
31	3	3158	1	0.9999837875366211	7.0	4.279641468149705	1202.568703174591
31	4	1987	1	0.9994075298309326	21.0	4.446845053468207	1205.7446992397308
31	5	2340	1	0.9996588230133057	18.0	4.582376602933525	1209.503858089447
31	6	2239	1	0.9994075298309326	19.0	4.72655283690419	1213.07670712471
31	7	2650	1	0.9999468326568604	13.0	4.809287308535148	1217.2991161346436
31	8	3026	1	0.9999837875366211	9.0	4.851194435449797	1222.263785123825
31	9	2681	1	0.9998621940612793	12.0	4.922682491095299	1226.723405122757
32	0	3767	0	0.9866177439689636	7.0	4.943455666184346	1236.550029039383
32	1	3215	1	0.9996650218963623	7.0	4.964021109522503	1241.7622039318085
32	2	2933	1	0.9999816417694092	10.0	5.0143808984272775	1246.506096124649
32	3	2833	1	0.9997217059135437	11.0	5.074237089443005	1251.1677939891815
32	4	2083	1	0.9993906021118164	20.0	5.223494718548575	1254.5239732265472
32	5	2993	1	0.9993906021118164	8.0	5.251259771363089	1259.3735871315002
32	6	4035	1	0.9997478127479553	1.0	5.208747173649458	1265.745008945465
32	7	3270	1	0.9999706745147705	9.0	5.2466597019129635	1270.9010200500488
32	8	3077	1	0.9997798800468445	11.0	5.304193104893834	1275.9285371303558
32	9	3239	1	0.99998939037323	10.0	5.351151173844895	1281.2133660316467
33	0	2876	1	0.9995577931404114	10.0	5.397639662106445	1289.8575100898743
33	1	1992	1	0.9993863105773926	21.0	5.553663265485381	1293.1063549518585
33	2	2083	1	0.999658465385437	20.0	5.698126632830527	1296.4230680465698
33	3	2241	1	0.999658465385437	19.0	5.831145366502222	1300.056221961975
33	4	2088	1	0.999658465385437	20.0	5.972833912837199	1303.4132039546967
33	5	2144	1	0.999658465385437	20.0	6.113105573708827	1306.8437631130219
33	6	2083	1	0.999658465385437	20.0	6.251974517971739	1310.1738681793213
33	7	3164	1	0.9997667670249939	7.0	6.259454772792022	1315.2983412742615
33	8	1991	1	0.9993863105773926	21.0	6.406860225064102	1318.4920682907104
33	9	2645	1	0.9997797608375549	13.0	6.47279162281346	1322.6880509853363
34	0	1989	1	0.9995761513710022	21.0	6.618063706585326	1329.8070380687714
34	1	2391	1	0.9999902248382568	17.0	6.721883069519472	1333.618066072464
34	2	2718	0	0.9976068735122681	11.0	6.7646642388242775	1338.0289571285248
34	3	3798	1	0.9998302459716797	6.0	6.757017596436034	1344.3227400779724
34	4	2373	1	0.9999083280563354	14.0	6.8294474204716735	1348.186820268631
34	5	2856	1	0.99977046251297	12.0	6.8811529462669565	1352.8800451755524
34	6	2424	1	0.9996854066848755	16.0	6.972341416804287	1356.782145023346
34	7	2311	1	0.999396800994873	17.0	7.072618002636244	1360.5347690582275
34	8	2266	1	0.9999083280563354	17.0	7.171891822609882	1364.310830116272
34	9	1985	1	0.9995761513710022	21.0	7.310172904383783	1367.6032390594482
35	0	2207	1	0.9998273849487305	17.0	7.4070711753399445	1375.0436351299286
35	1	2563	1	0.9997814297676086	15.0	7.483000463586546	1379.2500891685486
35	2	1986	1	0.9995813965797424	21.0	7.61817045895068	1382.538978099823
35	3	3521	1	0.9997814297676086	5.0	7.591988754361173	1388.334643125534
35	4	2233	1	0.9999330043792725	18.0	7.696068866817561	1391.9886059761047
35	5	2653	1	0.9999076128005981	13.0	7.749108178149386	1396.3894090652466
35	6	1991	1	0.9995813965797424	21.0	7.881617096367892	1399.6793789863586
35	7	3746	1	0.9997814297676086	4.0	7.842800925404213	1405.8032321929932
35	8	3058	0	0.9972699284553528	10.0	7.86437291615017	1410.7564029693604
35	9	2267	1	0.9998914003372192	17.0	7.955729186988669	1414.4835143089294
36	0	3141	1	0.999848484992981	11.0	7.986171895118782	1423.5152189731598
36	1	2888	1	0.9997351765632629	8.0	7.986310176167595	1428.1835350990295
36	2	3573	1	0.9997918009757996	7.0	7.976447074405919	1434.0361092090607
36	3	2303	1	0.999848484992981	16.0	8.056682603661859	1437.815595149994
36	4	2294	1	0.9995061159133911	18.0	8.15611577762524	1441.5513751506805
36	5	2253	1	0.9995905756950378	17.0	8.244554619848987	1445.1475899219513
36	6	2983	1	0.999848484992981	12.0	8.282109073650496	1449.9164052009583
36	7	2904	1	0.9997351765632629	9.0	8.28928798291399	1454.7455101013184
36	8	2204	1	0.9997918009757996	20.0	8.406395103084849	1458.2574889659882
36	9	2636	0	0.1288962960243225	-14.0	8.182331152054	1462.5330770015717
37	0	2772	1	0.9998470544815063	11.0	8.210507840533458	1470.8867981433868
37	1	2700	1	0.9997629523277283	13.0	8.258402762128124	1475.3238248825073
37	2	2797	1	0.9998754262924194	14.0	8.315818734506843	1479.901125907898
37	3	1986	1	0.9995342493057251	21.0	8.442660547161775	1483.196132183075
37	4	1992	1	0.9995342493057251	21.0	8.568233941690158	1486.491847038269
37	5	2613	1	0.9997320771217346	14.0	8.622551602273257	1490.714958190918
37	6	2817	1	0.9999887943267822	10.0	8.636326086250524	1495.1849081516266
37	7	2205	1	0.9997629523277283	20.0	8.749962825388018	1498.7091970443726
37	8	2241	1	0.9999397993087769	16.0	8.822463197134137	1502.3739001750946
37	9	2831	1	0.9998470544815063	13.0	8.864238565162797	1506.8931379318237
38	0	2400	1	0.9992527365684509	18.0	8.955596179511168	1514.6172239780426
38	1	2215	1	0.9996010661125183	18.0	9.046040217716056	1518.2343802452087
38	2	2051	1	0.9992527365684509	21.0	9.165579815538896	1521.5992379188538
38	3	2722	1	0.9997889399528503	11.0	9.183924017383507	1526.0393669605255
38	4	2645	1	0.9990329742431641	16.0	9.252084777209673	1530.3837189674377
38	5	3159	1	0.9996064305305481	12.0	9.279563929437575	1535.4742422103882
38	6	2949	1	0.9996010661125183	11.0	9.296768290143198	1540.2571761608124
38	7	1986	1	0.9992527365684509	21.0	9.413800607241768	1543.4385821819305
38	8	1987	1	0.9992527365684509	21.0	9.52966260116935	1546.6318390369415
38	9	2421	1	0.9996064305305481	16.0	9.594365975157658	1550.6152782440186
39	0	1984	1	0.9985178112983704	21.0	9.708422315406082	1557.7409060001373
39	1	3673	1	0.9993336796760559	4.0	9.65133809225202	1563.5706391334534
39	2	3961	1	0.9993336796760559	3.0	9.5848247113295	1569.9207210540771
39	3	2084	1	0.9993336796760559	20.0	9.688976464216204	1573.1939730644226
39	4	2337	1	0.9993336796760559	18.0	9.772086699574041	1576.9910612106323
39	5	1990	1	0.9987986087799072	21.0	9.884365832578302	1580.2338502407074
39	6	2562	1	0.9996306896209717	12.0	9.905522174252518	1584.362312078476
39	7	2375	1	0.9996306896209717	14.0	9.946466952509994	1588.0979640483856
39	8	2406	1	0.9998072981834412	13.0	9.977002282984895	1591.9271721839905
39	9	1987	1	0.9987986087799072	21.0	10.087232260155046	1595.1302993297577
40	0	2229	1	0.9997101426124573	18.0	10.166359937553496	1602.7824931144714
40	1	2341	1	0.9992807507514954	18.0	10.244696338177961	1606.5910201072693
40	2	2871	1	0.9997382760047913	12.0	10.26224937479618	1611.1589741706848
40	3	3890	1	0.9998587369918823	2.0	10.179626881048218	1617.5201790332794
40	4	2240	1	0.9998587369918823	16.0	10.237830612237737	1621.163642168045
40	5	2500	1	0.9994286894798279	14.0	10.27545230611536	1625.2309272289276
40	6	2372	1	0.9992376565933228	17.0	10.342697783054206	1628.9894552230835
40	7	1990	1	0.9987577199935913	21.0	10.449270805223664	1632.1936230659485
40	8	2139	1	0.9999167919158936	19.0	10.534778097171428	1635.622409105301
40	9	2370	1	0.9987577199935913	17.0	10.599430316199713	1639.4345111846924
41	0	2506	1	0.9993993043899536	15.0	10.643436013037716	1647.30237698555
41	1	3079	1	0.999909520149231	11.0	10.647001652907338	1652.3658351898193
41	2	2409	1	0.9993993043899536	16.0	10.700531636378265	1656.3387479782104
41	3	3298	1	0.9999371767044067	5.0	10.643526320014484	1661.7062292099
41	4	3509	1	0.9998347759246826	4.0	10.577091056814337	1667.4166731834412
41	5	2081	1	0.9999477863311768	19.0	10.661320146246194	1670.7952132225037
41	6	2027	1	0.9986708164215088	20.0	10.754706944783731	1674.0651111602783
41	7	1989	1	0.9989897608757019	21.0	10.857159875335894	1677.369511127472
41	8	2736	1	0.9999477863311768	14.0	10.888588276582535	1681.9154620170593
41	9	1988	1	0.9989897608757019	21.0	10.98970239381671	1685.2164323329926
42	0	2870	1	0.8643544912338257	-11.0	10.769805369878544	1693.7011442184448
42	1	2085	1	0.9989451766014099	20.0	10.862107316179758	1697.0851941108704
42	2	2357	1	0.9999583959579468	18.0	10.93348624301796	1700.931173324585
42	3	3001	0	0.9603028297424316	8.0	10.90415138058778	1705.8588800430298
42	4	2241	1	0.9999256134033203	16.0	10.955109866781903	1709.5558030605316
42	5	2236	1	0.9992432594299316	18.0	11.025558768114085	1713.2275390625
42	6	2627	1	0.9993533492088318	15.0	11.065303180432943	1717.420603275299
42	7	3506	1	0.9993533492088318	4.0	10.994650148628613	1723.1005651950836
42	8	2342	1	0.9993533492088318	18.0	11.064703647142327	1726.9133551120758
42	9	2485	1	0.9998581409454346	16.0	11.114056610670904	1730.9412190914154
43	0	2997	1	0.9998763799667358	10.0	11.102916044564195	1739.689509153366
43	1	2839	0	0.9832045435905457	11.0	11.101886884118551	1744.3899490833282
43	2	2088	1	0.9994868040084839	20.0	11.190868015277365	1747.7446620464325
43	3	2467	1	0.9988216757774353	16.0	11.238959335124592	1751.7031390666962
43	4	2937	1	0.9994868040084839	13.0	11.256569741773347	1756.4928140640259
43	5	2085	1	0.9991876482963562	20.0	11.344004044355612	1759.9207491874695
43	6	2142	1	0.9991876482963562	20.0	11.430564003912055	1763.3408901691437
43	7	2603	1	0.9998763799667358	16.0	11.476258363872935	1767.574641942978
43	8	1985	1	0.9991876482963562	21.0	11.571495780234207	1770.7816581726074
43	9	3315	1	0.9999387264251709	8.0	11.535780822431864	1776.1604721546173
44	0	2143	1	0.9999531507492065	19.0	11.610423014207544	1783.4679181575775
44	1	2088	1	0.9995508790016174	20.0	11.694318784065468	1786.7964282035828
44	2	2864	1	0.9995508790016174	10.0	11.677375596224813	1791.458270072937
44	3	2087	1	0.9995508790016174	20.0	11.760601840262565	1794.9021000862122
44	4	1988	1	0.9992976188659668	21.0	11.85299582185994	1798.186439037323
44	5	2088	1	0.9992976188659668	20.0	11.93446586364134	1801.5875442028046
44	6	2139	1	0.9944419264793396	19.0	12.005121205004926	1805.0337331295013
44	7	2047	1	0.9992976188659668	21.0	12.095069992954878	1808.3453121185303
44	8	2327	1	0.9999531507492065	17.0	12.144119293025328	1812.1687052249908
44	9	3765	1	0.9990676045417786	7.0	12.092678100095075	1818.2491190433502
45	0	2578	1	0.9999468326568604	15.0	12.121751319094125	1826.272779226303
45	1	1987	1	0.999485969543457	21.0	12.210533805903184	1829.4518930912018
45	2	2088	1	0.999647855758667	20.0	12.28842846784415	1832.7776901721954
45	3	1992	1	0.999485969543457	21.0	12.37554418316571	1836.0395362377167
45	4	2047	1	0.9999388456344604	20.0	12.451788741334052	1839.336009979248
45	5	2087	1	0.999647855758667	20.0	12.527270853920712	1842.7395021915436
45	6	2086	1	0.999647855758667	20.0	12.601998145381504	1846.1445472240448
45	7	3350	1	0.9999388456344604	5.0	12.52597816392769	1851.532704114914
45	8	2085	1	0.999647855758667	20.0	12.600718382288411	1854.8914341926575
45	9	3054	1	0.9999388456344604	10.0	12.574711198465527	1859.8869180679321
46	0	2677	1	0.9999274015426636	14.0	12.588964086480873	1868.0002110004425
46	1	2085	1	0.9996311664581299	20.0	12.663074445616063	1871.3884282112122
46	2	2171	1	0.999962329864502	18.0	12.716443701159902	1874.9073259830475
46	3	2005	1	0.9998522996902466	21.0	12.799279264148304	1878.0933520793915
46	4	3260	1	0.9996311664581299	9.0	12.76128647150682	1883.4388282299042
46	5	2137	0	0.8859446048736572	19.0	12.82367360679175	1886.939889907837
46	6	3948	1	0.9998522996902466	2.0	12.715436870723833	1893.3787281513214
46	7	1991	1	0.9995023012161255	21.0	12.798282502016596	1896.6390752792358
46	8	2764	1	0.9999274015426636	15.0	12.82029967699643	1901.1596240997314
46	9	2235	1	0.9998522996902466	18.0	12.872096680226466	1904.7676770687103
47	0	2009	1	0.999958872795105	21.0	12.953375713424203	1911.9845011234283
47	1	2288	1	0.999958872795105	18.0	13.00384195628996	1915.6733820438385
47	2	2396	1	0.999958872795105	15.0	13.023803536727062	1919.58154296875
47	3	2883	0	0.9962922930717468	10.0	12.993565501359791	1924.3062772750854
47	4	2041	1	0.9999241828918457	20.0	13.063629846346192	1927.7236750125885
47	5	2085	1	0.9994797110557556	20.0	13.132993547882728	1931.0568780899048
47	6	2293	1	0.999958872795105	18.0	13.1816636124039	1934.7330071926117
47	7	2733	1	0.9993398785591125	12.0	13.16984697627986	1939.2337973117828
47	8	2501	1	0.9994797110557556	15.0	13.188148506517061	1943.220340013504
47	9	2923	1	0.9999886751174927	12.0	13.17626702145189	1947.9526920318604
48	0	2696	1	0.9995514750480652	13.0	13.174504351237372	1956.2815330028534
48	1	1986	1	0.9994257688522339	21.0	13.252759307724999	1959.4803719520569
48	2	2669	0	0.9874507188796997	14.0	13.260231714647748	1963.7538220882416
48	3	1991	1	0.9994257688522339	21.0	13.33762939750127	1967.0062861442566
48	4	1990	1	0.9994257688522339	21.0	13.414253103526258	1970.2493410110474
48	5	1988	1	0.9994257688522339	21.0	13.490110572490996	1973.4066882133484
48	6	2888	1	0.9998100399971008	11.0	13.465209466766085	1978.06693816185
48	7	1985	1	0.9994257688522339	21.0	13.540557372098425	1981.2899310588837
48	8	2263	1	0.9999278783798218	17.0	13.57515179837744	1984.996295928955
48	9	2044	1	0.9999904632568359	20.0	13.639400280393666	1988.3767800331116
49	0	1989	1	0.9995922446250916	21.0	13.713006277589729	1995.4265213012695
49	1	2088	1	0.9996711015701294	20.0	13.775876214813831	1998.7928340435028
49	2	2443	0	0.9866389036178589	17.0	13.808117452665693	2002.707171201706
49	3	2525	1	0.9978410005569458	16.0	13.830036278139035	2006.818810224533
49	4	3100	0	0.9989386200904846	12.0	13.811735915357644	2011.8631711006165
49	5	2709	1	0.9996711015701294	16.0	13.833618556204067	2016.1617381572723
49	6	2086	1	0.9995922446250916	20.0	13.895282370642025	2019.5224661827087
49	7	3344	1	0.9785592555999756	-6.0	13.696329546935605	2024.9364712238312
49	8	2599	0	0.994049072265625	16.0	13.71936625146625	2029.1494491100311
49	9	1990	1	0.9995922446250916	21.0	13.792172588951587	2032.3562700748444
