0	0	876	1	0.47494930028915405	-21.0	-21.0	1.4517760276794434
0	1	940	1	0.7752779126167297	-21.0	-21.0	2.902028799057007
0	2	972	0	0.4471348524093628	-20.0	-20.99	4.415981769561768
0	3	877	0	0.43958210945129395	-21.0	-20.990099999999998	5.78556489944458
0	4	822	1	0.9298672080039978	-21.0	-20.990199	7.097515821456909
0	5	913	1	0.8899625539779663	-20.0	-20.98029701	8.550463914871216
0	6	818	0	0.5250506401062012	-21.0	-20.9804940399	9.832291841506958
0	7	814	1	0.7752779126167297	-21.0	-20.980689099501003	11.112709760665894
0	8	817	1	0.9242291450500488	-21.0	-20.980882208505992	12.409087896347046
0	9	817	1	0.5644471645355225	-21.0	-20.981073386420935	13.672818899154663
1	0	1118	0	0.4877311587333679	-21.0	-20.981262652556726	19.11016297340393
1	1	974	1	0.8140732645988464	-20.0	-20.971450026031157	20.61391592025757
1	2	1063	0	0.5417700409889221	-21.0	-20.971735525770846	22.22776484489441
1	3	881	1	0.6777108907699585	-21.0	-20.972018170513138	23.560436010360718
1	4	997	1	0.861259400844574	-21.0	-20.97229798880801	25.07406187057495
1	5	818	1	0.842454195022583	-21.0	-20.97257500891993	26.364821672439575
1	6	1154	1	0.6373172402381897	-20.0	-20.96284925883073	28.151224851608276
1	7	814	1	0.8735445141792297	-21.0	-20.963220766242422	29.40600299835205
1	8	1123	0	0.2544146180152893	-21.0	-20.96358855858	31.145389795303345
1	9	820	1	0.8174405694007874	-21.0	-20.9639526729942	32.4157657623291
2	0	1000	1	0.6857350468635559	-21.0	-20.96431314626426	37.567138671875
2	1	939	1	0.6309722065925598	-21.0	-20.96467001480162	38.995083808898926
2	2	884	1	0.5532493591308594	-21.0	-20.965023314653603	40.3354377746582
2	3	1033	0	0.3811393976211548	-20.0	-20.955373081507066	41.954566955566406
2	4	822	0	0.40752819180488586	-21.0	-20.955819350691996	43.2370879650116
2	5	850	1	0.507644772529602	-20.0	-20.946261157185077	44.569010972976685
2	6	916	1	0.6928430199623108	-20.0	-20.936798545613225	46.00136089324951
2	7	938	0	0.6403272747993469	-21.0	-20.937430560157093	47.42964196205139
2	8	1034	0	0.8560155034065247	-20.0	-20.92805625455552	48.9991717338562
2	9	818	1	0.7857962846755981	-21.0	-20.928775692009967	50.261016845703125
3	0	855	0	0.5706236958503723	-20.0	-20.919487935089865	55.20956373214722
3	1	938	1	0.8965954780578613	-21.0	-20.920293055738966	56.63193869590759
3	2	877	0	0.45726484060287476	-21.0	-20.92109012518158	57.954604625701904
3	3	1217	1	0.5056716203689575	-20.0	-20.911879223929763	59.81449484825134
3	4	820	1	0.6267772316932678	-21.0	-20.912760431690465	61.07590293884277
3	5	913	0	0.2985858917236328	-20.0	-20.90363282737356	62.47632384300232
3	6	1056	0	0.48472467064857483	-21.0	-20.904596499099824	64.1180899143219
3	7	819	0	0.6061570048332214	-21.0	-20.905550534108826	65.38517189025879
3	8	814	0	0.049252696335315704	-21.0	-20.90649502876774	66.65178966522217
3	9	881	1	0.477713406085968	-21.0	-20.90743007848006	68.02187871932983
4	0	909	1	0.8796266317367554	-20.0	-20.89835577769526	73.02506184577942
4	1	1001	1	0.689811646938324	-21.0	-20.89937221991831	74.54840183258057
4	2	943	1	0.6549971699714661	-21.0	-20.900378497719128	76.02495884895325
4	3	1070	0	0.417612224817276	-19.0	-20.881374712741938	77.67368578910828
4	4	1073	1	0.6242627501487732	-19.0	-20.86256096561452	79.32702898979187
4	5	883	0	0.3693164587020874	-21.0	-20.863935355958375	80.70213985443115
4	6	911	1	0.8796266317367554	-20.0	-20.85529600239879	82.10585975646973
4	7	815	1	0.5350545048713684	-21.0	-20.856743042374806	83.34200978279114
4	8	877	1	0.4642253816127777	-21.0	-20.858175611951058	84.70495796203613
4	9	916	1	0.8796266317367554	-20.0	-20.849593855831547	86.13293790817261
5	0	1462	1	0.43467962741851807	-20.0	-20.84109791727323	92.01013088226318
5	1	1358	1	0.636497974395752	-21.0	-20.8426869381005	94.10854768753052
5	2	1093	0	0.35044530034065247	-20.0	-20.834260068719495	95.77646064758301
5	3	942	1	0.5010367035865784	-21.0	-20.8359174680323	97.23781180381775
5	4	820	1	0.8642257452011108	-21.0	-20.83755829335198	98.48634386062622
5	5	821	1	0.5650253295898438	-21.0	-20.83918271041846	99.76013970375061
5	6	1005	0	0.2548462748527527	-19.0	-20.820790883314277	101.31923484802246
5	7	943	1	0.618511438369751	-21.0	-20.822582974481136	102.81144285202026
5	8	819	1	0.34153059124946594	-21.0	-20.824357144736325	104.07745575904846
5	9	1187	1	0.411083847284317	-19.0	-20.806113573288965	105.9167218208313
6	0	1069	1	0.6000693440437317	-19.0	-20.788052437556075	111.22111988067627
6	1	1001	1	0.48874425888061523	-21.0	-20.790171913180515	112.74260783195496
6	2	1302	0	0.6683143973350525	-21.0	-20.79227019404871	114.73325490951538
6	3	1044	0	0.453193724155426	-18.0	-20.764347492108225	116.33107781410217
6	4	973	1	0.6120913028717041	-20.0	-20.756704017187143	117.82681584358215
6	5	880	1	0.6907079219818115	-21.0	-20.759136977015274	119.20534086227417
6	6	1277	1	0.6207524538040161	-20.0	-20.75154560724512	121.1768319606781
6	7	1091	1	0.6000670194625854	-20.0	-20.74403015117267	122.87572193145752
6	8	817	1	0.5642831921577454	-21.0	-20.746589849660943	124.13782286643982
6	9	1307	1	0.5898661613464355	-19.0	-20.729123951164333	126.15818500518799
7	0	879	0	0.45873987674713135	-21.0	-20.73183271165269	131.16222977638245
7	1	1124	1	0.7437201142311096	-19.0	-20.714514384536162	132.94160175323486
7	2	1253	1	0.51719069480896	-19.0	-20.6973692406908	134.84650087356567
7	3	1371	0	0.4647929072380066	-19.0	-20.680395548283894	136.95442175865173
7	4	916	1	0.5672114491462708	-20.0	-20.673591592801053	138.37322282791138
7	5	1249	1	0.6140676140785217	-21.0	-20.676855676873043	140.30965781211853
7	6	1546	1	0.559760570526123	-19.0	-20.660087120104315	142.72107601165771
7	7	1297	1	0.5316290855407715	-16.0	-20.61348624890327	144.7581446170807
7	8	1007	1	0.6079947352409363	-21.0	-20.61735138641424	146.33670091629028
7	9	880	1	0.6119561791419983	-21.0	-20.621177872550096	147.7220208644867
8	0	1342	1	0.63238126039505	-18.0	-20.594966093824596	153.4332149028778
8	1	1304	1	0.31466546654701233	-19.0	-20.579016432886352	155.41061973571777
8	2	1009	0	0.45426133275032043	-19.0	-20.56322626855749	156.9836196899414
8	3	914	0	0.29443633556365967	-20.0	-20.557594005871913	158.41297888755798
8	4	977	1	0.8817659616470337	-20.0	-20.552018065813193	159.9079098701477
8	5	1095	1	0.7138378024101257	-20.0	-20.54649788515506	161.61719679832458
8	6	1776	1	0.5112212896347046	-18.0	-20.521032906303507	164.36744785308838
8	7	1094	1	0.2640761435031891	-20.0	-20.51582257724047	166.0754518508911
8	8	1132	0	0.7462731003761292	-19.0	-20.500664351468068	167.79426169395447
8	9	1193	0	0.4318956732749939	-19.0	-20.485657707953386	169.65359783172607
9	0	2266	0	0.38781091570854187	-7.0	-20.35080113087385	176.84507393836975
9	1	975	1	0.16738374531269073	-20.0	-20.347293119565112	178.34227085113525
9	2	1438	1	0.4230811893939972	-17.0	-20.313820188369462	180.585355758667
9	3	1737	0	0.6925418972969055	-17.0	-20.280681986485767	183.3384850025177
9	4	1496	1	0.843804657459259	-17.0	-20.24787516662091	185.64255285263062
9	5	1100	1	0.32947131991386414	-20.0	-20.2453964149547	187.3663239479065
9	6	1285	1	0.9511435031890869	-18.0	-20.222942450805153	189.3641710281372
9	7	1890	0	0.92770916223526	-18.0	-20.2007130262971	192.29095077514648
9	8	1429	0	0.4160228967666626	-19.0	-20.188705896034133	194.48498272895813
9	9	1159	1	0.8707132339477539	-20.0	-20.18681883707379	196.2643518447876
10	0	1845	1	0.5131654143333435	-14.0	-20.124950648703052	202.7962348461151
10	1	1468	0	0.23485545814037323	-18.0	-20.10370114221602	205.0925488471985
10	2	1948	1	0.628655195236206	-13.0	-20.03266413079386	208.10937881469727
10	3	1260	1	0.7206817865371704	-17.0	-20.002337489485924	210.07219576835632
10	4	1376	1	0.7917057871818542	-17.0	-19.972314114591068	212.21334981918335
10	5	947	1	0.6952162384986877	-19.0	-19.96259097344516	213.66997575759888
10	6	1060	1	0.668642520904541	-21.0	-19.97296506371071	215.30637288093567
10	7	1102	0	0.5206862092018127	-20.0	-19.973235413073603	216.9913387298584
10	8	1073	1	0.6864116787910461	-19.0	-19.96350305894287	218.6500768661499
10	9	1257	1	0.5153003931045532	-19.0	-19.95386802835344	220.61206078529358
11	0	1976	1	0.8465763926506042	-12.0	-19.874329348069907	227.511168718338
11	1	1202	0	0.3182721734046936	-17.0	-19.84558605458921	229.3701958656311
11	2	2208	0	0.8480600714683533	-14.0	-19.787130194043318	232.7104036808014
11	3	1843	1	0.9140216112136841	-16.0	-19.749258892102883	235.51089692115784
11	4	1683	0	0.9617821574211121	-19.0	-19.741766303181855	238.18421578407288
11	5	1857	1	0.5505386590957642	-12.0	-19.66434864015004	241.02799367904663
11	6	1437	1	0.999614953994751	-19.0	-19.657705153748537	243.25629782676697
11	7	1868	0	0.6626424789428711	-17.0	-19.631128102211054	246.14195275306702
11	8	1066	1	0.9707249402999878	-21.0	-19.644816821188943	247.82206797599792
11	9	2177	0	0.7720231413841248	-10.0	-19.548368652977054	251.13517904281616
12	0	3184	1	0.9734082221984863	4.0	-19.312884966447285	259.90290784835815
12	1	2331	1	0.3767789900302887	-16.0	-19.279756116782814	263.4785249233246
12	2	2703	1	0.7009783387184143	-5.0	-19.136958555614985	267.5957918167114
12	3	1586	1	0.732433021068573	-18.0	-19.125588970058836	270.0329728126526
12	4	1629	0	0.5634064674377441	-15.0	-19.084333080358245	272.5352017879486
12	5	2415	1	0.6388542652130127	-8.0	-18.973489749554663	276.2789649963379
12	6	2533	0	0.6828974485397339	-8.0	-18.863754852059113	280.2163519859314
12	7	1764	1	0.7314696311950684	-20.0	-18.87511730353852	283.00450372695923
12	8	1812	1	0.7186770439147949	-15.0	-18.836366130503134	285.8429629802704
12	9	1977	1	0.601536750793457	-12.0	-18.768002469198102	288.864022731781
13	0	2446	1	0.5964110493659973	-9.0	-18.67032244450612	296.5043137073517
13	1	1102	1	0.6574069261550903	-18.0	-18.663619220061058	298.2165849208832
13	2	1713	0	0.4848613142967224	-18.0	-18.65698302786045	300.862765789032
13	3	1779	1	0.756381094455719	-16.0	-18.630413197581845	303.6291608810425
13	4	2001	1	0.3888891637325287	-13.0	-18.574109065606024	306.7066638469696
13	5	2031	1	0.7355203032493591	-14.0	-18.528367974949965	309.8195457458496
13	6	3795	1	0.7543359398841858	-2.0	-18.363084295200466	315.67897295951843
13	7	1935	1	0.29121094942092896	-15.0	-18.32945345224846	318.6799256801605
13	8	2475	1	0.9471219778060913	-10.0	-18.246158917725975	322.5412826538086
13	9	2468	0	0.20129276812076569	-12.0	-18.183697328548714	326.3848509788513
14	0	2548	1	0.693379282951355	-13.0	-18.131860355263225	334.1856436729431
14	1	3209	0	0.5193334817886353	-8.0	-18.03054175171059	339.1500868797302
14	2	2818	1	0.5539679527282715	-9.0	-17.940236334193482	343.5753037929535
14	3	2681	1	0.9545719027519226	10.0	-17.660833970851545	347.71100878715515
14	4	3502	1	0.9186435341835022	2.0	-17.46422563114303	353.1015679836273
14	5	2352	1	0.5673372149467468	-15.0	-17.4395833748316	356.69403982162476
14	6	3604	1	0.9272411465644836	1.0	-17.25518754108328	362.1930367946625
14	7	2590	1	0.3742969036102295	-12.0	-17.20263566567245	366.3374137878418
14	8	2265	0	0.701431930065155	-16.0	-17.190609309015723	369.9668848514557
14	9	3345	1	0.9426037669181824	3.0	-16.988703215925565	375.1733748912811
15	0	2407	1	0.6415984630584717	-12.0	-16.93881618376631	382.881041765213
15	1	2769	1	0.9587599635124207	9.0	-16.679428021928647	387.1376597881317
15	2	3615	0	0.2726620137691498	-5.0	-16.562633741709362	392.718740940094
15	3	1654	1	0.7492300271987915	-18.0	-16.577007404292267	395.2548987865448
15	4	3215	0	0.5399059057235718	-8.0	-16.491237330249344	400.2229118347168
15	5	2504	0	0.12202353775501251	-13.0	-16.45632495694685	404.11503076553345
15	6	2169	0	0.3703135848045349	-15.0	-16.44176170737738	407.48042583465576
15	7	2737	0	0.5489181876182556	-11.0	-16.387344090303607	411.7043447494507
15	8	2464	1	0.9104292988777161	11.0	-16.113470649400572	415.54682970046997
15	9	2563	0	0.19607745110988617	-11.0	-16.062335942906568	419.5174489021301
16	0	2023	1	0.9370357394218445	20.0	-15.701712583477503	426.50976181030273
16	1	3444	1	0.7910305857658386	-3.0	-15.574695457642727	431.7687575817108
16	2	2980	1	0.8349092602729797	-11.0	-15.5289485030663	436.32180881500244
16	3	2896	1	0.937022864818573	-10.0	-15.473659018035637	440.80858182907104
16	4	3358	1	0.6744705438613892	-7.0	-15.388922427855281	445.92355465888977
16	5	2092	1	0.8852386474609375	18.0	-15.055033203576729	449.1728518009186
16	6	3025	1	0.790799617767334	-8.0	-14.984482871540962	453.79643869400024
16	7	4003	0	0.15941476821899414	-3.0	-14.864638042825552	459.9385726451874
16	8	2773	1	0.6318089365959167	-12.0	-14.835991662397296	464.1782820224762
16	9	2429	0	0.07315364480018616	17.0	-14.517631745773324	467.9216136932373
17	0	2729	1	0.9124991297721863	12.0	-14.25245542831559	475.8668386936188
17	1	2535	1	0.9084992408752441	14.0	-13.969930874032434	479.73849391937256
17	2	2360	0	0.16635127365589142	-15.0	-13.98023156529211	483.32471680641174
17	3	2443	1	0.9084992408752441	15.0	-13.690429249639188	487.0315840244293
17	4	4280	1	0.7258538007736206	-3.0	-13.583524957142794	493.6303858757019
17	5	2462	1	0.7994831204414368	-14.0	-13.587689707571366	497.3873338699341
17	6	2355	1	0.9067056775093079	14.0	-13.311812810495653	501.01120591163635
17	7	3834	0	0.6065567135810852	-9.0	-13.268694682390695	506.90572595596313
17	8	3303	1	0.9635536074638367	6.0	-13.076007735566787	512.061794757843
17	9	2922	1	0.9124991297721863	3.0	-12.91524765821112	516.5073359012604
18	0	3268	1	0.7685471177101135	-8.0	-12.866095181629008	525.4276778697968
18	1	4024	0	0.9925886392593384	3.0	-12.70743422981272	531.6055138111115
18	2	2634	1	0.9391196966171265	13.0	-12.45035988751459	535.6690969467163
18	3	4050	1	0.3153919577598572	-10.0	-12.425856288639444	541.9137799739838
18	4	1991	1	0.9801691174507141	21.0	-12.091597725753049	544.9715158939362
18	5	3324	0	0.7432534098625183	-8.0	-12.050681748495519	550.1113398075104
18	6	2147	1	0.945688009262085	20.0	-11.730174931010565	553.5035526752472
18	7	1990	1	0.9738186001777649	21.0	-11.402873181700459	556.8686928749084
18	8	3435	1	0.5639427304267883	-5.0	-11.338844449883455	562.1578228473663
18	9	3742	0	0.9975640773773193	4.0	-11.185456005384621	567.9137258529663
19	0	2061	1	0.9836198091506958	19.0	-10.883601445330775	574.8620898723602
19	1	4373	0	0.5384307503700256	-1.0	-10.784765430877467	581.5199089050293
19	2	4260	1	0.9959841966629028	3.0	-10.646917776568692	588.1358788013458
19	3	3987	1	0.5977461338043213	-3.0	-10.570448598803004	594.2845137119293
19	4	3984	0	0.6799089908599854	-3.0	-10.494744112814974	600.4333319664001
19	5	1985	1	0.9919909834861755	21.0	-10.179796671686823	603.5079748630524
19	6	1988	1	0.9929103255271912	21.0	-9.867998704969954	606.583741903305
19	7	2086	1	0.9882164597511292	20.0	-9.569318717920256	609.7910947799683
19	8	3273	1	0.9929103255271912	7.0	-9.403625530741053	614.8364899158478
19	9	2145	1	0.9937393665313721	20.0	-9.109589275433644	618.1647779941559
20	0	2339	1	0.9969255328178406	18.0	-8.838493382679307	625.6809039115906
20	1	2595	1	0.9907522201538086	9.0	-8.660108448852514	629.6816866397858
20	2	4466	1	0.3722238540649414	-1.0	-8.583507364363989	636.5775806903839
20	3	1989	1	0.994835376739502	21.0	-8.287672290720348	639.638249874115
20	4	1990	1	0.9969255328178406	21.0	-7.994795567813145	642.7492218017578
20	5	2270	1	0.9941675662994385	18.0	-7.734847612135013	646.3428099155426
20	6	1991	1	0.9969255328178406	21.0	-7.447499136013663	649.4252889156342
20	7	4086	0	0.9700464010238647	1.0	-7.363024144653527	655.7254328727722
20	8	1986	1	0.9969255328178406	21.0	-7.0793939032069915	658.8304200172424
20	9	3900	0	0.7891990542411804	-2.0	-7.028599964174921	664.8930089473724
21	0	3757	1	0.8080679774284363	-6.0	-7.018313964533172	674.6320567131042
21	1	1989	1	0.9979630708694458	21.0	-6.73813082488784	677.6929967403412
21	2	3073	0	0.9943341016769409	11.0	-6.560749516638961	682.3676028251648
21	3	3934	1	0.48974621295928955	-3.0	-6.525142021472572	688.378500699997
21	4	2370	1	0.9964146614074707	17.0	-6.289890601257846	692.0410418510437
21	5	4234	1	0.9991538524627686	2.0	-6.206991695245268	698.5037887096405
21	6	3308	0	0.9943341016769409	13.0	-6.014921778292815	703.5925257205963
21	7	2874	1	0.996058464050293	13.0	-5.824772560509887	708.000100851059
21	8	4224	1	0.2747924327850342	-3.0	-5.796524834904788	714.4388248920441
21	9	3900	1	0.9975743889808655	8.0	-5.658559586555739	720.4984767436981
22	0	2585	1	0.9987359642982483	11.0	-5.491973990690182	728.3629777431488
22	1	2838	1	0.9978796243667603	9.0	-5.34705425078328	732.7004358768463
22	2	2278	1	0.9978796243667603	18.0	-5.113583708275447	736.237331867218
22	3	3569	0	0.994667649269104	7.0	-4.9924478711926925	741.6572108268738
22	4	2820	1	0.9978062510490417	13.0	-4.812523392480766	745.9988899230957
22	5	2536	1	0.9978062510490417	14.0	-4.624398158555959	749.8450157642365
22	6	2081	1	0.9978796243667603	20.0	-4.378154176970399	753.034839630127
22	7	3749	0	0.0006002660957165062	7.0	-4.2643726352006945	758.8057599067688
22	8	1747	1	0.5950756669044495	-17.0	-4.3917289088486875	761.4806139469147
22	9	3887	1	0.9993997812271118	10.0	-4.247811619760201	767.5365409851074
23	0	2947	1	0.9988395571708679	16.0	-4.045333503562599	775.8708548545837
23	1	2114	1	0.997779905796051	19.0	-3.814880168526973	779.0902836322784
23	2	2606	1	0.9994871616363525	19.0	-3.586731366841703	783.0590918064117
23	3	1988	1	0.996813952922821	21.0	-3.340864053173286	786.0963127613068
23	4	2972	1	0.9982151985168457	17.0	-3.137455412641553	790.5974428653717
23	5	2089	1	0.9978087544441223	20.0	-2.9060808585151374	793.7999918460846
23	6	3809	0	0.9981355667114258	9.0	-2.787020049929986	799.615984916687
23	7	2083	1	0.9978087544441223	20.0	-2.559149849430686	802.8456897735596
23	8	3063	0	0.9968400001525879	11.0	-2.423558350936379	807.5546228885651
23	9	2088	1	0.9979861974716187	20.0	-2.199322767427015	810.7759549617767
24	0	2566	1	0.999298095703125	20.0	-1.9773295397527446	818.5135927200317
24	1	2828	1	0.998853325843811	16.0	-1.7975562443552173	822.8192839622498
24	2	3023	1	0.9984714388847351	12.0	-1.659580681911665	827.4468989372253
24	3	3097	1	0.9986798167228699	12.0	-1.5229848750925483	832.203097820282
24	4	3375	1	0.9973710775375366	9.0	-1.4177550263416228	837.4066119194031
24	5	3406	1	0.9986798167228699	10.0	-1.3035774760782064	842.8839898109436
24	6	2853	1	0.995970606803894	10.0	-1.1905417013174242	847.3506467342377
24	7	1991	1	0.9971730709075928	21.0	-0.96863628430425	850.4211537837982
24	8	2211	1	0.9973710775375366	18.0	-0.7789499214612075	853.8562808036804
24	9	2685	1	0.999298095703125	20.0	-0.5711604222465954	857.983363866806
25	0	3187	1	0.9993517994880676	11.0	-0.4554488180241294	866.8935348987579
25	1	2821	1	0.9987527132034302	18.0	-0.2708943298438881	871.2414877414703
25	2	3269	1	0.9993517994880676	7.0	-0.1981853865454492	876.2545368671417
25	3	2567	1	0.9993517994880676	20.0	0.003796467320005298	880.2134368419647
25	4	2378	1	0.9973262548446655	15.0	0.15375850264680524	883.8754868507385
25	5	3006	1	0.9987527132034302	16.0	0.3122209176203372	888.5604057312012
25	6	2459	1	0.9982625842094421	18.0	0.48909870844413383	892.3642058372498
25	7	1986	1	0.9984328150749207	21.0	0.6942077213596924	895.4190557003021
25	8	3010	1	0.9993517994880676	16.0	0.8472656441460955	900.1078767776489
25	9	3407	1	0.9987527132034302	15.0	0.9887929877046345	905.3931200504303
26	0	3000	0	0.9657412171363831	18.0	1.1589050578275881	913.9542808532715
26	1	2766	1	0.9963390827178955	4.0	1.1873160072493123	918.2064640522003
26	2	3115	1	0.9977365732192993	8.0	1.2554428471768193	923.0398087501526
26	3	2532	1	0.9993019104003906	21.0	1.452888418705051	926.9740469455719
26	4	3432	1	0.9981568455696106	6.0	1.4983595345180005	932.2463908195496
26	5	2861	1	0.9973971843719482	10.0	1.5833759391728206	936.7342898845673
26	6	1987	1	0.9984675049781799	21.0	1.7775421797810924	939.8367748260498
26	7	2659	1	0.9993019104003906	19.0	1.9497667579832814	943.9765348434448
26	8	2474	1	0.9987305998802185	21.0	2.1402690904034487	947.8233709335327
26	9	3310	1	0.9993019104003906	6.0	2.178866399499414	952.9577059745789
27	0	2572	1	0.9995312690734863	20.0	2.3570777355044203	960.8235189914703
27	1	2480	1	0.9982730150222778	14.0	2.4735069581493763	964.6423239707947
27	2	4499	1	0.9995312690734863	3.0	2.4787718885678824	971.635618686676
27	3	2917	1	0.9990919828414917	17.0	2.6239841696822035	976.0910437107086
27	4	1985	1	0.998956561088562	21.0	2.8077443279853815	979.1827278137207
27	5	1986	1	0.9990516304969788	21.0	2.9896668847055277	982.2729518413544
27	6	2085	1	0.9974377155303955	20.0	3.1597702158584724	985.5044260025024
27	7	2532	1	0.9990919828414917	21.0	3.3381725136998877	989.4347987174988
27	8	2247	1	0.9982988238334656	17.0	3.474790788562889	992.9217569828033
27	9	2824	1	0.9980772733688354	11.0	3.55004288067726	997.3384618759155
28	0	2539	1	0.9991409778594971	19.0	3.7045424518704873	1005.1203768253326
28	1	2822	1	0.9996102452278137	18.0	3.8474970273517823	1009.4531037807465
28	2	1984	1	0.9984177350997925	21.0	4.019022057078264	1012.486977815628
28	3	3107	1	0.9991409778594971	17.0	4.148831836507482	1017.3334348201752
28	4	2626	1	0.9996102452278137	20.0	4.307343518142408	1021.3852317333221
28	5	2083	1	0.9986578226089478	20.0	4.464270082960984	1024.6188158988953
28	6	1985	1	0.9992590546607971	21.0	4.629627382131374	1027.682725906372
28	7	2859	1	0.9986661672592163	17.0	4.75333110831006	1032.120421886444
28	8	2117	1	0.9986578226089478	19.0	4.89579779722696	1035.3832528591156
28	9	1989	1	0.9990824460983276	21.0	5.05683981925469	1038.47794175148
29	0	2503	1	0.9994008541107178	15.0	5.156271421062144	1046.1866927146912
29	1	2277	1	0.9987888932228088	18.0	5.2847087068515215	1049.6727559566498
29	2	2527	1	0.9990338087081909	21.0	5.4418616197830065	1053.575443983078
29	3	1986	1	0.9994008541107178	21.0	5.597443003585177	1056.6617259979248
29	4	2590	1	0.9990338087081909	21.0	5.7514685735493245	1060.6904318332672
29	5	1990	1	0.9994008541107178	21.0	5.903953887813831	1063.7680819034576
29	6	2528	1	0.9990338087081909	21.0	6.054914348935693	1067.6645126342773
29	7	2526	1	0.9990338087081909	21.0	6.204365205446336	1071.587483882904
29	8	3275	1	0.9995988011360168	12.0	6.262321553391872	1076.647174835205
29	9	1991	1	0.9994008541107178	21.0	6.409698337857953	1079.6963200569153
30	0	1991	1	0.9993354678153992	21.0	6.555601354479373	1086.5559587478638
30	1	2531	1	0.9990519881248474	21.0	6.7000453409345795	1090.4163608551025
30	2	2407	1	0.9987725615501404	16.0	6.793044887525234	1094.1162288188934
30	3	1990	1	0.9993354678153992	21.0	6.935114438649982	1097.179949760437
30	4	1990	1	0.9993354678153992	21.0	7.075763294263481	1100.2220697402954
30	5	1987	1	0.9987725615501404	21.0	7.215005661320847	1103.2680368423462
30	6	1987	1	0.9986748695373535	21.0	7.352855604707638	1106.314326763153
30	7	2778	1	0.9996198415756226	14.0	7.419327048660561	1110.5673418045044
30	8	2639	1	0.9996198415756226	18.0	7.525133778173955	1114.6844487190247
30	9	2185	1	0.9986748695373535	19.0	7.639882440392216	1118.0485179424286
31	0	1989	1	0.9992178678512573	21.0	7.773483615988294	1124.9448857307434
31	1	2818	1	0.9996324777603149	18.0	7.8757487798284105	1129.3400058746338
31	2	1991	1	0.9992178678512573	21.0	8.006991292030127	1132.417784690857
31	3	2532	1	0.9990686774253845	21.0	8.136921379109827	1136.3351428508759
31	4	2540	1	0.9990686774253845	19.0	8.245552165318728	1140.265534877777
31	5	2697	1	0.9996324777603149	18.0	8.34309664366554	1144.405114889145
31	6	1986	1	0.9992178678512573	21.0	8.469665677228885	1147.4871938228607
31	7	2802	1	0.9990686774253845	17.0	8.554969020456596	1151.8808107376099
31	8	2662	0	0.0009313164628110826	19.0	8.65941933025203	1156.010149717331
31	9	2237	1	0.9984355568885803	19.0	8.762825136949509	1159.474984884262
32	0	1990	1	0.9982555508613586	21.0	8.885196885580015	1166.2899267673492
32	1	2889	1	0.9996315240859985	16.0	8.956344916724214	1170.7268109321594
32	2	1990	1	0.9982555508613586	21.0	9.076781467556973	1173.7449717521667
32	3	2571	1	0.9982561469078064	13.0	9.116013652881405	1177.6878967285156
32	4	2570	1	0.9990419745445251	20.0	9.22485351635259	1181.5989797115326
32	5	2586	1	0.9982561469078064	11.0	9.242604981189064	1185.5855538845062
32	6	2966	1	0.9996315240859985	12.0	9.270178931377172	1190.1291966438293
32	7	2667	1	0.9991706609725952	12.0	9.2974771420634	1194.234138727188
32	8	2080	1	0.9982555508613586	20.0	9.404502370642765	1197.4303839206696
32	9	3050	1	0.9990419745445251	15.0	9.460457346936337	1202.0197539329529
33	0	2212	1	0.9992403984069824	18.0	9.545852773466974	1209.2426798343658
33	1	3187	1	0.9988476037979126	11.0	9.560394245732304	1214.1994907855988
33	2	2697	1	0.9982567429542542	6.0	9.524790303274981	1218.3369188308716
33	3	2246	1	0.9992403984069824	17.0	9.599542400242232	1221.750453710556
33	4	2526	1	0.9988476037979126	21.0	9.71354697623981	1225.6017758846283
33	5	2744	1	0.9995704293251038	20.0	9.816411506477412	1229.8566658496857
33	6	1120	0	0.9156259894371033	-21.0	9.508247391412636	1231.5941908359528
33	7	2783	1	0.9995704293251038	19.0	9.603164917498509	1235.8448798656464
33	8	3086	1	0.9995704293251038	14.0	9.647133268323524	1240.5408627986908
33	9	2526	1	0.9988476037979126	21.0	9.76066193564029	1244.406234741211
34	0	2388	0	0.944800615310669	-16.0	9.503055316283886	1251.7812988758087
34	1	2887	0	0.9880366325378418	16.0	9.568024763121047	1256.2396039962769
34	2	2527	1	0.9994935989379883	21.0	9.682344515489836	1260.1386768817902
34	3	1989	1	0.999308705329895	21.0	9.795521070334939	1263.198695898056
34	4	2540	1	0.9984090924263	14.0	9.83756585963159	1267.134027004242
34	5	1987	1	0.999308705329895	21.0	9.949190201035275	1270.1916778087616
34	6	2222	1	0.9984090924263	16.0	10.009698299024922	1273.6760246753693
34	7	2431	1	0.9983400106430054	17.0	10.079601316034672	1277.4326827526093
34	8	2085	1	0.9983400106430054	20.0	10.178805302874325	1280.6789147853851
34	9	2850	1	0.9984090924263	12.0	10.197017249845581	1285.0146880149841
35	0	3075	1	0.9993653893470764	14.0	10.235047077347126	1293.4595577716827
35	1	2382	1	0.9983770847320557	15.0	10.282696606573655	1297.1442217826843
35	2	2753	1	0.998444139957428	18.0	10.359869640507918	1301.321698665619
35	3	2118	1	0.9984826445579529	19.0	10.446270944102839	1304.6186566352844
35	4	2693	1	0.999311089515686	13.0	10.471808234661811	1308.7955799102783
35	5	2533	1	0.998444139957428	21.0	10.577090152315193	1312.6675200462341
35	6	1987	1	0.999311089515686	21.0	10.681319250792042	1315.772677898407
35	7	2526	1	0.998444139957428	21.0	10.784506058284123	1319.6939189434052
35	8	1986	1	0.999311089515686	21.0	10.886660997701282	1322.7231476306915
35	9	2387	1	0.9983770847320557	13.0	10.90779438772427	1326.4168169498444
36	0	2622	1	0.9985324144363403	20.0	10.998716443847027	1334.320770740509
36	1	1988	1	0.9993157386779785	21.0	11.098729279408557	1337.3138687610626
36	2	2793	1	0.9993300437927246	17.0	11.157741986614472	1341.51717877388
36	3	3323	1	0.9985324144363403	9.0	11.136164566748327	1346.5490968227386
36	4	1990	1	0.9993157386779785	21.0	11.234802921080846	1349.6015708446503
36	5	2462	1	0.9987186193466187	16.0	11.282454891870037	1353.3550217151642
36	6	2051	1	0.9993157386779785	21.0	11.379630342951337	1356.5019159317017
36	7	2083	1	0.9985067248344421	20.0	11.465834039521823	1359.6672127246857
36	8	1531	1	0.8186468482017517	-18.0	11.171175699126605	1362.0033507347107
36	9	2855	1	0.9985324144363403	17.0	11.22946394213534	1366.4244627952576
37	0	1987	1	0.9993876218795776	21.0	11.327169302713987	1373.1947269439697
37	1	2828	1	0.9985609650611877	16.0	11.373897609686846	1377.5070989131927
37	2	2277	1	0.9986691474914551	18.0	11.440158633589977	1380.9783518314362
37	3	2356	1	0.9986691474914551	14.0	11.465757047254078	1384.6553287506104
37	4	2193	1	0.9989091157913208	17.0	11.521099476781536	1388.0336918830872
37	5	1991	1	0.9986691474914551	21.0	11.615888482013721	1391.0960547924042
37	6	2148	1	0.9986691474914551	20.0	11.699729597193583	1394.4086458683014
37	7	3149	1	0.9985609650611877	12.0	11.702732301221646	1399.2189629077911
37	8	2639	1	0.9985609650611877	18.0	11.76570497820943	1403.2880766391754
37	9	2528	1	0.9993294477462769	21.0	11.858047928427336	1407.1550788879395
38	0	1985	1	0.9994638562202454	21.0	11.949467449143063	1414.0801846981049
38	1	2046	1	0.9994638562202454	21.0	12.039972774651632	1417.2292568683624
38	2	2214	1	0.9994638562202454	18.0	12.099573046905116	1420.6553177833557
38	3	2888	1	0.9995469450950623	18.0	12.158577316436064	1425.0866467952728
38	4	1985	1	0.9994638562202454	21.0	12.246991543271704	1428.1620879173279
38	5	1991	1	0.9994638562202454	21.0	12.334521627838988	1431.2519669532776
38	6	2533	1	0.9988285899162292	21.0	12.4211764115606	1435.1007969379425
38	7	3051	1	0.9994638562202454	13.0	12.426964647444995	1439.8580276966095
38	8	2758	1	0.9994331002235413	18.0	12.482695000970544	1444.1234109401703
38	9	2690	1	0.9995469450950623	20.0	12.557868050960838	1448.2996678352356
39	0	2527	1	0.9993103742599487	21.0	12.64228937045123	1456.074777841568
39	1	1991	1	0.9995261430740356	21.0	12.725866476746718	1459.1172397136688
39	2	2682	1	0.9993075132369995	8.0	12.678607811979251	1463.3065087795258
39	3	1991	1	0.9995261430740356	21.0	12.76182173385946	1466.392216682434
39	4	2527	1	0.9975045323371887	21.0	12.844203516520865	1470.3308806419373
39	5	2953	1	0.9993103742599487	16.0	12.875761481355656	1474.8217599391937
39	6	2528	1	0.9996771812438965	21.0	12.9570038665421	1478.716285943985
39	7	2538	1	0.9993075132369995	14.0	12.96743382787668	1482.6187977790833
39	8	2940	1	0.9997919201850891	11.0	12.947759489597914	1487.1567678451538
39	9	2529	1	0.9993103742599487	21.0	13.028281894701935	1491.1354718208313
40	0	3034	1	0.9994277358055115	17.0	13.067999075754916	1499.6261577606201
40	1	2226	1	0.9993578791618347	16.0	13.097319084997366	1503.0477628707886
40	2	2528	1	0.9997252821922302	21.0	13.176345894147394	1506.9452936649323
40	3	3684	1	0.9996178150177002	7.0	13.11458243520592	1512.573865890503
40	4	2530	1	0.9994277358055115	21.0	13.193436610853862	1516.4220027923584
40	5	2528	1	0.9997252821922302	21.0	13.271502244745324	1520.2635357379913
40	6	3416	1	0.9996178150177002	6.0	13.198787222297872	1525.4761378765106
40	7	2475	1	0.9997252821922302	21.0	13.276799350074894	1529.3357467651367
40	8	2148	1	0.9993578791618347	20.0	13.344031356574144	1532.6830568313599
40	9	2640	1	0.9993578791618347	11.0	13.320591043008402	1536.7299587726593
41	0	2532	1	0.99958735704422	21.0	13.39738513257832	1544.5900926589966
41	1	2277	1	0.9991976618766785	18.0	13.443411281252537	1548.0903508663177
41	2	1988	1	0.9996345043182373	21.0	13.518977168440012	1551.113844871521
41	3	1987	1	0.9996345043182373	21.0	13.593787396755612	1554.1733167171478
41	4	2454	1	0.9997989535331726	20.0	13.657849522788055	1557.9590280056
41	5	2530	1	0.99958735704422	21.0	13.731271027560176	1561.8609187602997
41	6	2652	1	0.99958735704422	21.0	13.803958317284575	1566.0040228366852
41	7	2529	1	0.99958735704422	21.0	13.87591873411173	1569.8625717163086
41	8	2483	1	0.9996345043182373	12.0	13.857159546770612	1573.6843328475952
41	9	2720	1	0.99958735704422	19.0	13.908587951302906	1577.8420736789703
42	0	1986	1	0.9991273283958435	21.0	13.979502071789877	1584.7750778198242
42	1	2686	1	0.9998225569725037	20.0	14.039707051071977	1588.9527969360352
42	2	2818	1	0.9998225569725037	18.0	14.079309980561257	1593.2641537189484
42	3	1992	1	0.9991273283958435	21.0	14.148516880755645	1596.3074848651886
42	4	2756	1	0.9998225569725037	18.0	14.187031711948089	1600.5544848442078
42	5	1990	1	0.9996243715286255	21.0	14.255161394828608	1603.6434969902039
42	6	2186	1	0.9995280504226685	17.0	14.282609780880321	1606.9652028083801
42	7	2683	0	0.9715506434440613	20.0	14.339783683071516	1611.0798637866974
42	8	2529	1	0.9996175765991211	21.0	14.406385846240802	1614.9781458377838
42	9	1988	1	0.9995280504226685	21.0	14.472321987778395	1617.9808278083801
43	0	2529	1	0.9991982579231262	21.0	14.537598767900612	1625.6230726242065
43	1	2225	1	0.9993599057197571	16.0	14.552222780221605	1629.0649988651276
43	2	1989	1	0.9987755417823792	21.0	14.61670055241939	1632.1718499660492
43	3	1986	1	0.9987755417823792	21.0	14.680533546895196	1635.1607308387756
43	4	2688	1	0.9996912479400635	20.0	14.733728211426243	1639.3316657543182
43	5	2532	1	0.9994651675224304	21.0	14.79639092931198	1643.219971895218
43	6	2526	1	0.9994651675224304	21.0	14.858427020018862	1647.0727157592773
43	7	3238	1	0.9994651675224304	13.0	14.839842749818674	1652.0410916805267
43	8	3120	1	0.9994651675224304	11.0	14.801444322320487	1656.8196938037872
43	9	1991	1	0.999492883682251	21.0	14.863429879097282	1659.8723938465118
44	0	2528	1	0.9997230172157288	21.0	14.92479558030631	1667.7296068668365
44	1	1990	1	0.9994617104530334	21.0	14.985547624503248	1670.791601896286
44	2	2920	1	0.9994139671325684	15.0	14.985692148258215	1675.2807939052582
44	3	2282	1	0.999311089515686	16.0	14.995835226775633	1678.813102722168
44	4	2532	1	0.9994139671325684	21.0	15.055876874507877	1682.7345678806305
44	5	2531	1	0.9997230172157288	21.0	15.1153181057628	1686.6138455867767
44	6	1991	1	0.9994617104530334	21.0	15.174164924705172	1689.688807964325
44	7	2182	1	0.999311089515686	19.0	15.21242327545812	1693.05921792984
44	8	2578	1	0.999311089515686	11.0	15.170299042703538	1697.003045797348
44	9	3149	1	0.9997230172157288	12.0	15.138596052276503	1701.790888786316
45	0	1988	1	0.9994223117828369	21.0	15.197210091753739	1708.772136926651
45	1	1989	1	0.9988627433776855	21.0	15.255237990836202	1711.8424499034882
45	2	2733	1	0.9996053576469421	17.0	15.272685610927839	1715.9793808460236
45	3	1991	1	0.9988627433776855	21.0	15.329958754818561	1719.0126638412476
45	4	1986	1	0.9988627433776855	21.0	15.386659167270375	1722.1130328178406
45	5	2624	1	0.999504566192627	20.0	15.43279257559767	1726.1482849121094
45	6	1986	1	0.9995391368865967	21.0	15.488464649841694	1729.127733707428
45	7	2530	1	0.999504566192627	21.0	15.543580003343278	1732.953843832016
45	8	2533	1	0.999504566192627	21.0	15.598144203309847	1736.8709478378296
45	9	2531	1	0.999504566192627	21.0	15.652162761276749	1740.8911077976227
46	0	2888	1	0.9988849759101868	11.0	15.605641133663982	1749.1450209617615
46	1	2526	1	0.9990315437316895	21.0	15.659584722327342	1753.0841329097748
46	2	2972	1	0.9994420409202576	17.0	15.672988875104068	1757.6379446983337
46	3	2761	0	0.9965533018112183	18.0	15.696258986353026	1761.8711187839508
46	4	1986	1	0.9995595812797546	21.0	15.749296396489497	1764.9467136859894
46	5	2180	1	0.9995595812797546	19.0	15.781803432524601	1768.2973849773407
46	6	2407	1	0.9988849759101868	16.0	15.783985398199356	1771.9896557331085
46	7	1987	1	0.9988849759101868	21.0	15.836145544217363	1775.0221099853516
46	8	1986	1	0.9995595812797546	21.0	15.88778408877519	1778.0700249671936
46	9	2532	1	0.9994420409202576	21.0	15.938906247887438	1782.031537771225
47	0	2625	1	0.9996691942214966	20.0	15.979517185408563	1789.918871641159
47	1	2579	1	0.9992850422859192	18.0	15.999722013554477	1793.8453347682953
47	2	2727	1	0.9992850422859192	19.0	16.029724793418932	1798.0081777572632
47	3	2528	1	0.9994407296180725	21.0	16.079427545484744	1801.9866607189178
47	4	2051	1	0.99956876039505	21.0	16.128633270029898	1805.1796517372131
47	5	2626	1	0.9992850422859192	20.0	16.167346937329597	1809.247475862503
47	6	2049	1	0.99956876039505	21.0	16.215673467956304	1812.4876697063446
47	7	2529	1	0.9996691942214966	21.0	16.26351673327674	1816.3520238399506
47	8	1992	1	0.998889148235321	21.0	16.310881565943976	1819.3943128585815
47	9	2786	1	0.9994219541549683	12.0	16.267772750284536	1823.7275748252869
48	0	3395	1	0.99960857629776	12.0	16.22509502278169	1832.6756539344788
48	1	1991	1	0.999591052532196	21.0	16.272844072553873	1835.720402956009
48	2	2148	1	0.999437153339386	20.0	16.310115631828335	1839.0152027606964
48	3	3015	1	0.999150276184082	14.0	16.287014475510052	1843.6777558326721
48	4	2620	1	0.999150276184082	20.0	16.32414433075495	1847.7230899333954
48	5	2531	1	0.99960857629776	21.0	16.370902887447404	1851.5798878669739
48	6	2526	1	0.999150276184082	21.0	16.41719385857293	1855.489935874939
48	7	2811	1	0.999437153339386	8.0	16.3330219199872	1859.8092398643494
48	8	2638	1	0.9995718598365784	18.0	16.34969170078733	1863.865974664688
48	9	2528	1	0.9994425177574158	21.0	16.396194783779457	1867.8072745800018
49	0	2938	1	0.9990319013595581	18.0	16.412232835941662	1876.1162366867065
49	1	2533	1	0.9990319013595581	21.0	16.458110507582248	1880.0032279491425
49	2	1989	1	0.9994500279426575	21.0	16.503529402506427	1883.0514817237854
49	3	3238	1	0.9990319013595581	13.0	16.468494108481362	1887.984297990799
49	4	1990	1	0.9994500279426575	21.0	16.51380916739655	1891.0254347324371
49	5	2533	1	0.9990319013595581	21.0	16.558671075722582	1894.9125928878784
49	6	2520	1	0.9993413090705872	11.0	16.503084364965357	1898.8146388530731
49	7	2658	1	0.9985339641571045	19.0	16.528053521315705	1902.9564497470856
49	8	2765	1	0.999510645866394	16.0	16.52277298610255	1907.257477760315
49	9	2704	0	0.9998633861541748	11.0	16.46754525624152	1911.4434208869934
