0	0	938	0	0.876075267791748	-21.0	-21.0	1.6127841472625732
0	1	1188	0	0.7952326536178589	-19.0	-20.98	3.5158441066741943
0	2	1129	0	0.767799437046051	-19.0	-20.9602	5.285564184188843
0	3	819	1	0.47500941157341003	-21.0	-20.960598	6.571482181549072
0	4	759	1	0.8034934997558594	-21.0	-20.960992020000003	7.775306940078735
0	5	1035	0	0.7751013040542603	-20.0	-20.9513820998	9.405375957489014
0	6	820	0	0.7813712358474731	-21.0	-20.951868278802	10.698503255844116
0	7	878	0	0.5133050680160522	-21.0	-20.95234959601398	12.117808103561401
0	8	1283	0	0.7781907320022583	-18.0	-20.92282610005384	14.138278245925903
0	9	1199	1	0.7528071403503418	-17.0	-20.8835978390533	16.113385915756226
1	0	1062	1	0.6594691276550293	-21.0	-20.88476186066277	21.571089267730713
1	1	943	0	0.6576103568077087	-21.0	-20.885914242056142	23.05188298225403
1	2	1196	0	0.7417287230491638	-19.0	-20.867055099635582	24.920774221420288
1	3	1120	1	0.7118533849716187	-21.0	-20.868384548639227	26.6858332157135
1	4	1000	1	0.8342336416244507	-21.0	-20.869700703152837	28.244110107421875
1	5	1098	1	0.6155931353569031	-20.0	-20.86100369612131	30.00071406364441
1	6	882	0	0.49651026725769043	-21.0	-20.862393659160094	31.428264141082764
1	7	1254	1	0.8053234815597534	-19.0	-20.843769722568496	33.39731192588806
1	8	969	1	0.7409607768058777	-20.0	-20.83533202534281	34.91545009613037
1	9	1291	1	0.4507250189781189	-18.0	-20.80697870508938	36.9397029876709
2	0	761	0	0.5621609091758728	-21.0	-20.808908918038487	41.806782245635986
2	1	882	0	0.5099743604660034	-21.0	-20.8108198288581	43.20534014701843
2	2	1061	0	0.49056318402290344	-21.0	-20.81271163056952	44.87195611000061
2	3	1128	0	0.40194013714790344	-19.0	-20.794584514263825	46.67734217643738
2	4	1036	0	0.6786690354347229	-20.0	-20.786638669121185	48.35832118988037
2	5	1159	1	0.6143963932991028	-20.0	-20.778772282429973	50.2429039478302
2	6	1123	1	0.6305019855499268	-21.0	-20.780984559605674	52.02427697181702
2	7	877	1	0.6455767154693604	-21.0	-20.78317471400962	53.427433252334595
2	8	1065	0	0.9703986048698425	-21.0	-20.78534296686952	55.133769273757935
2	9	1099	0	0.4069470763206482	-20.0	-20.777489537200825	56.89884424209595
3	0	1154	0	0.3973245322704315	-20.0	-20.769714641828816	62.36439609527588
3	1	760	0	0.3327525556087494	-21.0	-20.77201749541053	63.5512011051178
3	2	1380	0	0.5111138820648193	-17.0	-20.734297320456427	65.70010805130005
3	3	1075	1	0.26138973236083984	-19.0	-20.716954347251864	67.44859528541565
3	4	1255	0	0.8862055540084839	-19.0	-20.699784803779348	69.47532320022583
3	5	1462	0	0.3640122711658478	-20.0	-20.692786955741553	71.85108208656311
3	6	820	1	0.5768946409225464	-21.0	-20.69585908618414	73.16532015800476
3	7	1299	0	0.8128979206085205	-21.0	-20.6989004953223	75.2195291519165
3	8	815	0	0.776279628276825	-21.0	-20.701911490369078	76.52932119369507
3	9	1089	0	0.44910556077957153	-20.0	-20.694892375465386	78.25179100036621
4	0	1096	0	0.3038509786128998	-20.0	-20.68794345171073	83.59129309654236
4	1	1153	1	0.2148430496454239	-20.0	-20.68106401719362	85.41904211044312
4	2	1281	0	0.4536454975605011	-20.0	-20.67425337702168	87.47173309326172
4	3	1036	0	0.5512798428535461	-20.0	-20.667510843251463	89.1304931640625
4	4	1567	1	0.6820744872093201	-17.0	-20.63083573481895	91.63627910614014
4	5	1094	0	0.5628347396850586	-20.0	-20.624527377470763	93.38280510902405
4	6	1502	0	0.2795652151107788	-17.0	-20.588282103696056	95.8058979511261
4	7	1035	0	0.4623118042945862	-20.0	-20.582399282659093	97.44582223892212
4	8	1253	1	0.6581828594207764	-19.0	-20.566575289832503	99.45420622825623
4	9	1260	0	0.6675735116004944	-17.0	-20.53090953693418	101.47682023048401
5	0	976	0	0.6063663363456726	-20.0	-20.525600441564837	106.70457005500793
5	1	1365	1	0.8015478849411011	-21.0	-20.53034443714919	108.86884117126465
5	2	1564	0	0.94659024477005	-17.0	-20.4950409927777	111.36820197105408
5	3	757	1	0.4968934655189514	-21.0	-20.500090582849925	112.57119417190552
5	4	1190	0	0.811295747756958	-19.0	-20.485089677021428	114.46390509605408
5	5	1708	0	0.8451772928237915	-18.0	-20.460238780251213	117.20458316802979
5	6	974	1	0.5391588807106018	-20.0	-20.4556363924487	118.75388097763062
5	7	1508	1	0.6303986310958862	-17.0	-20.421080028524212	121.14991998672485
5	8	1182	0	0.7511710524559021	-21.0	-20.42686922823897	123.0330560207367
5	9	1156	0	0.5173676609992981	-20.0	-20.42260053595658	124.87926912307739
6	0	1357	1	0.5589339137077332	-16.0	-20.378374530597014	130.73660731315613
6	1	1060	1	0.957091212272644	-21.0	-20.384590785291046	132.43408203125
6	2	1590	0	0.9205842614173889	-13.0	-20.310744877438133	134.9568440914154
6	3	1442	0	0.26928040385246277	-17.0	-20.277637428663752	137.27945709228516
6	4	1094	1	0.6632516384124756	-20.0	-20.274861054377112	139.0250689983368
6	5	820	1	0.6665098667144775	-21.0	-20.28211244383334	140.32896995544434
6	6	823	1	0.6656895279884338	-21.0	-20.28929131939501	141.60492420196533
6	7	1030	0	0.3562905788421631	-20.0	-20.28639840620106	143.21995902061462
6	8	1387	1	0.8921051025390625	-17.0	-20.25353442213905	145.39807724952698
6	9	1344	0	0.7135779857635498	-20.0	-20.25099907791766	147.51024103164673
7	0	1407	1	0.7334654331207275	-18.0	-20.22848908713848	153.4453980922699
7	1	878	0	0.21772892773151398	-21.0	-20.236204196267096	154.8605020046234
7	2	1292	1	0.7849247455596924	-18.0	-20.213842154304423	156.94647216796875
7	3	1257	0	0.46972739696502686	-19.0	-20.20170373276138	158.97376608848572
7	4	1728	1	0.9450353384017944	-16.0	-20.159686695433766	161.76789903640747
7	5	2024	0	0.3053119480609894	-16.0	-20.11808982847943	165.0538890361786
7	6	943	1	0.7487878203392029	-21.0	-20.126908930194638	166.61861610412598
7	7	1287	1	0.6972622871398926	-18.0	-20.105639840892692	168.70890021324158
7	8	1872	1	0.6822398900985718	-15.0	-20.054583442483764	171.6875331401825
7	9	1179	1	0.7020660042762756	-21.0	-20.06403760805893	173.57335019111633
8	0	1440	1	0.8926700353622437	-17.0	-20.03339723197834	179.57783007621765
8	1	1659	1	0.154775932431221	-16.0	-19.99306325965856	182.27880001068115
8	2	1061	1	0.9598391056060791	-21.0	-20.003132627061973	184.00726509094238
8	3	1098	1	0.5365999937057495	-20.0	-20.003101300791354	185.81100416183472
8	4	1724	0	0.9001901149749756	-16.0	-19.96307028778344	188.65509223937988
8	5	1506	1	0.3031228482723236	-17.0	-19.93343958490561	191.07341527938843
8	6	1802	1	0.849285364151001	-12.0	-19.854105189056554	193.96688508987427
8	7	1379	1	0.6867696046829224	-19.0	-19.84556413716599	196.19786596298218
8	8	1703	0	0.8365799188613892	-13.0	-19.77710849579433	198.8685040473938
8	9	1669	0	0.7145337462425232	-14.0	-19.71933741083639	201.48240518569946
9	0	1602	0	0.9548267126083374	-16.0	-19.682144036728026	207.7786421775818
9	1	1280	0	0.8825811147689819	-20.0	-19.685322596360745	209.86739921569824
9	2	1454	1	0.7552419900894165	-20.0	-19.688469370397137	212.18700313568115
9	3	1556	0	0.9051831960678101	-19.0	-19.681584676693166	214.6921672821045
9	4	1096	0	0.605338454246521	-20.0	-19.684768829926234	216.47157907485962
9	5	1462	0	0.6375472545623779	-20.0	-19.687921141626973	218.8187291622162
9	6	1290	0	0.4031299352645874	-18.0	-19.671041930210702	220.8864860534668
9	7	1855	1	0.7652022242546082	-14.0	-19.614331510908595	223.87907123565674
9	8	1696	1	0.8147926330566406	-15.0	-19.568188195799507	226.64400911331177
9	9	1756	0	0.9806061387062073	-15.0	-19.52250631384151	229.47053909301758
10	0	1626	0	0.8032439947128296	-17.0	-19.497281250703097	235.78941321372986
10	1	1708	0	0.2671763598918915	-18.0	-19.482308438196064	238.55018305778503
10	2	2071	0	0.8376163244247437	-13.0	-19.4174853538141	241.94443106651306
10	3	1858	1	0.2854895293712616	-14.0	-19.36331050027596	244.85596013069153
10	4	1889	1	0.391193687915802	-13.0	-19.2996773952732	247.8777060508728
10	5	1853	1	0.8398893475532532	-14.0	-19.24668062132047	250.874253988266
10	6	1735	0	0.47544893622398376	-14.0	-19.194213815107265	253.65053510665894
10	7	1614	1	0.3205626606941223	-14.0	-19.14227167695619	256.248517036438
10	8	1546	0	0.930077075958252	-16.0	-19.11084896018663	258.7603681087494
10	9	2153	0	0.8368123769760132	-14.0	-19.059740470584764	262.2016451358795
11	0	1962	0	0.7204521298408508	-11.0	-18.979143065878915	269.1123480796814
11	1	1735	1	0.09296278655529022	-14.0	-18.929351635220126	271.8827750682831
11	2	2190	0	0.8842973113059998	-15.0	-18.890058118867923	275.3693799972534
11	3	2212	0	0.9292737245559692	-9.0	-18.791157537679243	278.8938500881195
11	4	1903	0	0.603632390499115	-11.0	-18.71324596230245	281.9872739315033
11	5	1500	0	0.5045908093452454	-17.0	-18.696113502679427	284.3919951915741
11	6	1711	0	0.6514788866043091	-18.0	-18.689152367652632	287.1349449157715
11	7	2492	0	0.912660539150238	-8.0	-18.582260843976105	291.11236810684204
11	8	2135	1	0.8215032815933228	-11.0	-18.506438235536343	294.555615901947
11	9	1756	1	0.8215032815933228	-15.0	-18.471373853180978	297.4143579006195
12	0	1851	1	0.2167571485042572	-14.0	-18.42666011464917	304.2167773246765
12	1	2111	1	0.751969039440155	-12.0	-18.362393513502678	307.5291759967804
12	2	2104	0	0.5934716463088989	-12.0	-18.29876957836765	310.81893515586853
12	3	1468	1	0.46596288681030273	-18.0	-18.295781882583974	313.15338587760925
12	4	1796	0	0.889302670955658	-14.0	-18.252824063758133	316.05606603622437
12	5	2094	0	0.8338584899902344	-9.0	-18.160295823120553	319.42281317710876
12	6	1324	0	0.8185350298881531	-17.0	-18.148692864889348	321.55773305892944
12	7	2117	0	0.6560767292976379	-10.0	-18.067205936240455	324.9655909538269
12	8	2232	1	0.6341321468353271	-12.0	-18.006533876878052	328.51913690567017
12	9	1936	1	0.2313985973596573	-10.0	-17.926468538109273	331.618793964386
13	0	2174	1	0.4158899486064911	-12.0	-17.86720385272818	338.80227303504944
13	1	2415	1	0.38964390754699707	-10.0	-17.7885318142009	342.5906500816345
13	2	2300	0	0.514038622379303	-10.0	-17.710646496058892	346.2935290336609
13	3	1686	0	0.3990471661090851	-17.0	-17.703540031098306	348.9785373210907
13	4	2627	0	0.8261259198188782	-6.0	-17.58650463078732	353.16461300849915
13	5	1723	0	0.6522342562675476	-16.0	-17.570639584479448	355.96507811546326
13	6	2502	0	0.46554452180862427	-6.0	-17.45493318863465	359.96867203712463
13	7	1895	1	0.4515257477760315	-13.0	-17.410383856748304	363.0387051105499
13	8	1723	0	0.4284898042678833	-16.0	-17.39628001818082	365.79239797592163
13	9	1795	0	0.4240548014640808	-14.0	-17.362317217999014	368.6690971851349
14	0	2395	0	0.6580638289451599	-9.0	-17.278694045819023	376.2183861732483
14	1	1002	0	0.6094599962234497	-21.0	-17.315907105360832	377.78277492523193
14	2	2792	0	0.3745357096195221	-1.0	-17.152748034307226	382.27735114097595
14	3	1475	1	0.4878077805042267	-16.0	-17.141220553964153	384.643177986145
14	4	1766	1	0.9264301061630249	-13.0	-17.09980834842451	387.4817020893097
14	5	2626	0	0.9518646597862244	-6.0	-16.988810264940263	391.7573449611664
14	6	1881	0	0.28527113795280457	-15.0	-16.96892216229086	394.7626061439514
14	7	2064	0	0.8327983021736145	-10.0	-16.89923294066795	398.09890031814575
14	8	2599	0	0.8657324314117432	-5.0	-16.78024061126127	402.27168917655945
14	9	1393	0	0.509388267993927	-20.0	-16.812438205148656	404.5183701515198
15	0	1795	1	0.9751224517822266	-14.0	-16.78431382309717	411.2284641265869
15	1	1408	0	0.8966673016548157	-18.0	-16.796470684866197	413.5146450996399
15	2	1508	0	0.9182739853858948	-17.0	-16.798505978017538	415.9615271091461
15	3	2426	0	0.8846858739852905	-8.0	-16.71052091823736	419.80233430862427
15	4	2239	0	0.907481849193573	-10.0	-16.643415709054988	423.4062252044678
15	5	1513	0	0.8799443244934082	-15.0	-16.626981551964438	425.8164629936218
15	6	2368	0	0.762919545173645	-8.0	-16.54071173644479	429.65691208839417
15	7	1448	0	0.6902361512184143	-17.0	-16.545304619080344	432.0044651031494
15	8	2001	0	0.7922353148460388	-15.0	-16.529851572889537	435.2473430633545
15	9	2014	0	0.5561816096305847	-13.0	-16.49455305716064	438.4999260902405
16	0	1987	1	0.5343148708343506	-12.0	-16.449607526589034	445.56138706207275
16	1	1796	1	0.4284673035144806	-19.0	-16.475111451323144	448.451464176178
16	2	2103	1	0.9732819199562073	-12.0	-16.430360336809915	451.75920820236206
16	3	2224	0	0.5993362665176392	-12.0	-16.386056733441816	455.31342005729675
16	4	1572	0	0.8968318104743958	-15.0	-16.372196166107397	457.8418481349945
16	5	2550	0	0.5171751379966736	-8.0	-16.28847420444632	461.95584511756897
16	6	2663	0	0.9253711700439453	-5.0	-16.175589462401856	466.35277104377747
16	7	2655	1	0.2728864252567291	-7.0	-16.083833567777837	470.7222270965576
16	8	2722	0	0.9919243454933167	-5.0	-15.97299523210006	475.1436710357666
16	9	1910	0	0.5802258849143982	-14.0	-15.953265279779059	478.2026250362396
17	0	2502	0	0.34783118963241577	-6.0	-15.853732626981268	486.05139207839966
17	1	2061	1	0.8832924365997314	-15.0	-15.845195300711456	489.34721207618713
17	2	2668	0	0.7299853563308716	-3.0	-15.716743347704341	493.6590750217438
17	3	2020	0	0.7199832797050476	-11.0	-15.669575914227297	496.90149211883545
17	4	2905	1	0.4236835241317749	-3.0	-15.542880155085022	501.4609191417694
17	5	1793	0	0.8909152150154114	-14.0	-15.527451353534172	504.3417251110077
17	6	1790	1	0.7344740033149719	-14.0	-15.51217683999883	507.24465107917786
17	7	3014	1	0.997938334941864	1.0	-15.347055071598842	512.0109190940857
17	8	2450	0	0.5863924026489258	-9.0	-15.283584520882853	515.9258589744568
17	9	2491	0	0.737869918346405	-8.0	-15.210748675674024	519.9846839904785
18	0	2160	0	0.6711618900299072	-9.0	-15.148641188917283	527.344603061676
18	1	3103	0	0.9637258648872375	-1.0	-15.00715477702811	532.3383889198303
18	2	1512	0	0.9125367403030396	-15.0	-15.007083229257828	534.8064229488373
18	3	1542	0	0.7506595253944397	-16.0	-15.01701239696525	537.3343200683594
18	4	2350	0	0.45804494619369507	-12.0	-14.986842272995595	541.1606283187866
18	5	2612	1	0.8340796828269958	-8.0	-14.91697385026564	545.4580800533295
18	6	2240	1	0.39405933022499084	-10.0	-14.867804111762982	549.0836629867554
18	7	2404	1	0.9030118584632874	-7.0	-14.789126070645352	552.9114139080048
18	8	1884	1	0.30305948853492737	-15.0	-14.7912348099389	555.9644742012024
18	9	2573	1	0.5443522930145264	-9.0	-14.73332246183951	560.1136093139648
19	0	1627	1	0.27718019485473633	-17.0	-14.755989237221115	566.522402048111
19	1	2563	1	0.7417117357254028	-6.0	-14.668429344848905	570.6020212173462
19	2	2215	1	0.25649744272232056	-9.0	-14.611745051400415	574.1853201389313
19	3	2661	0	0.6663634181022644	-5.0	-14.515627600886411	578.4926812648773
19	4	1436	0	0.7846177220344543	-19.0	-14.560471324877547	580.7765951156616
19	5	1479	0	0.589398205280304	-16.0	-14.57486661162877	583.1313891410828
19	6	2659	0	0.6250075101852417	-5.0	-14.479117945512483	587.4601221084595
19	7	2729	1	0.7608469128608704	-3.0	-14.364326766057358	591.7950541973114
19	8	2464	1	0.7579178214073181	-7.0	-14.290683498396785	595.7220470905304
19	9	2487	1	0.7263693809509277	-8.0	-14.227776663412817	599.8108110427856
20	0	2616	0	0.5696008801460266	-6.0	-14.145498896778689	607.929053068161
20	1	1225	1	0.7000978589057922	-18.0	-14.184043907810901	609.9265232086182
20	2	1682	0	0.3590039014816284	-17.0	-14.212203468732792	612.6364150047302
20	3	2056	1	0.5841964483261108	-10.0	-14.170081434045464	615.9738101959229
20	4	2371	1	0.5001509189605713	-8.0	-14.10838061970501	619.8087160587311
20	5	2217	1	0.852634847164154	-9.0	-14.057296813507959	623.4147660732269
20	6	2683	0	0.4495580196380615	-6.0	-13.976723845372879	627.6925659179688
20	7	1691	1	0.19159917533397675	-17.0	-14.00695660691915	630.3794102668762
20	8	1917	1	0.3861839473247528	-14.0	-14.006887040849959	633.4656779766083
20	9	2142	1	0.7323839664459229	-11.0	-13.976818170441458	636.9016230106354
21	0	2418	1	0.37611931562423706	-5.0	-13.887049988737044	644.5889830589294
21	1	2667	0	0.36804458498954773	-3.0	-13.778179488849672	648.8865962028503
21	2	2386	1	0.6088681221008301	-6.0	-13.700397693961175	652.731241941452
21	3	2960	0	0.9151481986045837	-5.0	-13.613393717021564	657.4457190036774
21	4	2870	1	0.4405749440193176	-4.0	-13.517259779851347	661.9805569648743
21	5	2613	1	0.6043817400932312	-3.0	-13.412087182052833	666.1395401954651
21	6	2546	1	0.37611931562423706	-3.0	-13.307966310232304	670.211549282074
21	7	1798	0	0.664525032043457	-12.0	-13.29488664712998	673.1103720664978
21	8	2313	0	0.6981874704360962	-11.0	-13.271937780658678	676.8145661354065
21	9	1944	1	0.34039196372032166	-13.0	-13.269218402852092	679.8608601093292
22	0	1984	0	0.6794476509094238	-12.0	-13.25652621882357	686.8074851036072
22	1	1939	0	0.5046457052230835	-10.0	-13.223960956635334	689.896096944809
22	2	1927	0	0.8789949417114258	-12.0	-13.21172134706898	692.9778349399567
22	3	2950	0	0.29651370644569397	-2.0	-13.099604133598291	697.6090381145477
22	4	2255	0	0.5401390194892883	-6.0	-13.028608092262308	701.2079491615295
22	5	2603	1	0.33138519525527954	-5.0	-12.948322011339686	705.4047060012817
22	6	2108	1	0.5390861630439758	-12.0	-12.938838791226289	708.8246071338654
22	7	2787	0	0.6125295162200928	-8.0	-12.889450403314026	713.2701139450073
22	8	1369	1	0.9876936674118042	-19.0	-12.950555899280886	715.4932441711426
22	9	2763	0	0.9067702889442444	-2.0	-12.841050340288076	719.8968000411987
23	0	1990	1	0.3369024991989136	-12.0	-12.832639836885194	726.9135138988495
23	1	2251	0	0.5148866176605225	-8.0	-12.784313438516342	730.5284910202026
23	2	1717	1	0.7226572632789612	-16.0	-12.81647030413118	733.2783441543579
23	3	1719	0	0.3974372148513794	-16.0	-12.848305601089868	736.0507938861847
23	4	818	1	0.6368247270584106	-21.0	-12.92982254507897	737.3265089988708
23	5	2182	1	0.606490433216095	-8.0	-12.880524319628181	740.8201141357422
23	6	2034	1	0.705719530582428	-14.0	-12.8917190764319	744.0952770709991
23	7	2921	1	0.9997411370277405	2.0	-12.74280188566758	748.7449803352356
23	8	1789	1	0.6688762307167053	-14.0	-12.755373866810904	751.637531042099
23	9	2907	0	0.5671168565750122	-3.0	-12.657820128142795	756.3310921192169
24	0	2023	1	0.3725351095199585	-11.0	-12.641241926861367	763.2830519676208
24	1	3070	0	0.41456395387649536	-2.0	-12.534829507592754	768.1863741874695
24	2	2891	1	0.866695761680603	-2.0	-12.429481212516826	772.8389229774475
24	3	2132	0	0.5283417701721191	-8.0	-12.385186400391659	776.2611711025238
24	4	2762	1	0.3835250735282898	-4.0	-12.30133453638774	780.6604132652283
24	5	2381	0	0.7301864624023438	-11.0	-12.288321191023861	784.4586861133575
24	6	2888	1	0.626459002494812	-2.0	-12.185437979113622	789.0474121570587
24	7	2388	1	0.5144683718681335	-9.0	-12.153583599322486	792.8358941078186
24	8	2139	1	0.6584900617599487	-11.0	-12.142047763329261	796.3451619148254
24	9	2712	0	0.5283417701721191	-5.0	-12.070627285695968	800.7765800952911
25	0	2070	1	0.6579374670982361	-13.0	-12.079921012839009	807.9713881015778
25	1	2223	0	0.7670915722846985	-12.0	-12.079121802710617	811.4780690670013
25	2	2589	1	0.5392664670944214	-7.0	-12.028330584683511	815.5482869148254
25	3	2622	0	0.498847097158432	-6.0	-11.968047278836677	819.7859392166138
25	4	3035	1	0.9998328685760498	2.0	-11.82836680604831	824.5383789539337
25	5	1902	1	0.4179076552391052	-16.0	-11.870083137987827	827.5434222221375
25	6	1847	1	0.8963499069213867	-14.0	-11.891382306607948	830.4658851623535
25	7	2890	1	0.6269313097000122	-2.0	-11.792468483541867	835.0358703136444
25	8	2070	0	0.11703761667013168	-13.0	-11.80454379870645	838.3151791095734
25	9	1877	0	0.05901849642395973	-15.0	-11.836498360719386	841.3112621307373
26	0	3151	0	0.6281591653823853	-3.0	-11.748133377112191	850.1746790409088
26	1	1378	1	0.6719971895217896	-19.0	-11.820652043341068	852.3676762580872
26	2	2468	0	0.5192457437515259	-7.0	-11.772445522907658	856.2492280006409
26	3	2273	1	0.42527565360069275	-9.0	-11.744721067678581	859.9542660713196
26	4	1065	1	0.5684347152709961	-21.0	-11.837273857001795	861.7062010765076
26	5	2924	0	0.547832727432251	-6.0	-11.778901118431778	866.4086430072784
26	6	1604	1	0.519281804561615	-16.0	-11.82111210724746	868.9455931186676
26	7	1434	1	0.5952478051185608	-19.0	-11.892900986174984	871.2013339996338
26	8	2690	0	0.4037879705429077	-4.0	-11.813971976313233	875.4916253089905
26	9	1911	1	0.3870317041873932	-14.0	-11.835832256550102	878.5245349407196
27	0	2306	1	0.3483387529850006	-8.0	-11.797473933984602	886.086189031601
27	1	2246	1	0.5446263551712036	-10.0	-11.779499194644755	889.7593221664429
27	2	2662	0	0.8503025770187378	-10.0	-11.761704202698306	893.9738800525665
27	3	3020	1	0.7671125531196594	-5.0	-11.694087160671323	898.7795572280884
27	4	2616	0	0.7337871789932251	-6.0	-11.63714628906461	903.025886297226
27	5	2498	0	0.3146778643131256	-8.0	-11.600774826173964	907.0774471759796
27	6	2802	0	0.5058205723762512	-6.0	-11.544767077912224	911.583624124527
27	7	1899	0	0.3877888321876526	-13.0	-11.559319407133103	914.6032280921936
27	8	2031	0	0.7326657176017761	-14.0	-11.583726213061771	917.8690092563629
27	9	1860	1	0.4189301133155823	-14.0	-11.607888950931153	920.8423399925232
28	0	2888	0	0.3996337950229645	-2.0	-11.51181006142184	929.2562651634216
28	1	3077	1	0.9998970031738281	1.0	-11.386691960807623	934.246659040451
28	2	1731	1	0.4899832308292389	-14.0	-11.412825041199547	937.0347230434418
28	3	2646	0	0.41731923818588257	-7.0	-11.368696790787551	941.23583817482
28	4	2504	1	0.7769138813018799	-11.0	-11.365009822879674	945.2752680778503
28	5	2982	1	0.40953299403190613	-3.0	-11.281359724650876	950.0874092578888
28	6	2674	0	0.9073622822761536	-8.0	-11.248546127404367	954.3659780025482
28	7	3068	1	0.8302091360092163	1.0	-11.126060666130323	959.3085832595825
28	8	1635	0	0.4795851707458496	-17.0	-11.18480005946902	961.9242930412292
28	9	1815	1	0.7701418399810791	-15.0	-11.222952058874329	964.823145866394
29	0	2309	0	0.7848348617553711	-8.0	-11.190722538285586	972.4064192771912
29	1	2582	0	0.9251173734664917	-7.0	-11.14881531290273	976.4910790920258
29	2	2355	1	0.8337069153785706	-10.0	-11.137327159773703	980.1913461685181
29	3	1338	0	0.5110113620758057	-20.0	-11.225953888175965	982.3356289863586
29	4	1904	1	0.6356198787689209	-11.0	-11.223694349294204	985.3999750614166
29	5	2529	0	0.5857007503509521	-7.0	-11.181457405801263	989.4392521381378
29	6	2343	1	0.07461411505937576	-9.0	-11.15964283174325	993.2171308994293
29	7	2223	0	0.49640947580337524	-12.0	-11.168046403425818	997.0359311103821
29	8	2746	0	0.7564338445663452	-6.0	-11.11636593939156	1001.6544661521912
29	9	2583	0	0.6558294296264648	-7.0	-11.075202279997646	1005.795264005661
30	0	2021	0	0.9604257345199585	-11.0	-11.074450257197668	1012.9374530315399
30	1	2768	1	0.09983940422534943	-2.0	-10.98370575462569	1017.3864231109619
30	2	2349	0	0.7726259827613831	-7.0	-10.943868697079434	1021.1732091903687
30	3	2961	0	0.9542573094367981	1.0	-10.82443001010864	1025.9057829380035
30	4	2993	0	0.5932232737541199	-4.0	-10.756185710007554	1030.6861062049866
30	5	1702	1	0.42549601197242737	-15.0	-10.798623852907479	1033.410794019699
30	6	3005	0	0.916466474533081	-2.0	-10.710637614378404	1038.2184512615204
30	7	2613	0	0.2979985177516937	-8.0	-10.68353123823462	1042.410432100296
30	8	2234	1	0.8382059335708618	-10.0	-10.676695925852274	1046.0288751125336
30	9	2569	1	0.9115967154502869	-11.0	-10.67992896659375	1050.1627151966095
31	0	1892	0	0.30810630321502686	-13.0	-10.703129676927812	1056.9982771873474
31	1	2446	1	0.9886337518692017	-11.0	-10.706098380158533	1060.9117062091827
31	2	2491	0	0.8010163903236389	-8.0	-10.679037396356948	1064.8988971710205
31	3	2502	0	0.1031721830368042	-6.0	-10.63224702239338	1068.9576361179352
31	4	2931	0	0.8687226176261902	5.0	-10.475924552169445	1073.6543202400208
31	5	2697	1	0.3083896338939667	-2.0	-10.39116530664775	1077.9458060264587
31	6	2425	0	0.7198314666748047	-10.0	-10.387253653581272	1081.83500790596
31	7	2801	0	0.9676423668861389	-6.0	-10.34338111704546	1086.3498940467834
31	8	2104	1	0.9812986254692078	-12.0	-10.359947305875005	1089.749171257019
31	9	2951	1	0.976960301399231	-2.0	-10.276347832816255	1094.5072202682495
32	0	3044	0	0.13565625250339508	-1.0	-10.183584354488092	1103.2905011177063
32	1	3007	0	0.5012431740760803	1.0	-10.07174851094321	1108.0846750736237
32	2	2695	0	0.7726078033447266	-4.0	-10.011031025833777	1112.384425163269
32	3	2368	0	0.7255873084068298	-8.0	-9.99092071557544	1116.1634879112244
32	4	2631	0	0.34755295515060425	-9.0	-9.981011508419686	1120.4326362609863
32	5	2806	0	0.32495826482772827	-6.0	-9.94120139333549	1124.9161462783813
32	6	2073	0	0.566326379776001	-13.0	-9.971789379402136	1128.2115380764008
32	7	2440	1	0.41890671849250793	-6.0	-9.932071485608114	1132.1270470619202
32	8	2466	0	0.5599815845489502	-7.0	-9.902750770752034	1136.0597250461578
32	9	2739	1	0.6217647790908813	-6.0	-9.863723263044514	1140.4453310966492
33	0	2874	1	0.9963076114654541	3.0	-9.73508603041407	1148.9628829956055
33	1	2953	1	0.9993249177932739	4.0	-9.59773517010993	1153.7840521335602
33	2	2516	1	0.5419782400131226	-9.0	-9.59175781840883	1157.825707912445
33	3	2914	0	0.5307339429855347	-3.0	-9.52584024022474	1162.5045130252838
33	4	2987	0	0.35100921988487244	-4.0	-9.470581837822492	1167.3102691173553
33	5	2195	0	0.5049318075180054	-13.0	-9.505876019444267	1170.827882051468
33	6	3097	1	0.7009223699569702	-3.0	-9.440817259249824	1175.819036245346
33	7	3151	1	0.45986631512641907	-3.0	-9.376409086657326	1180.823616027832
33	8	2545	0	0.9449526071548462	-10.0	-9.382644995790752	1184.9574692249298
33	9	1914	1	0.8170424699783325	-16.0	-9.448818545832845	1188.0738279819489
34	0	2936	1	0.06833094358444214	-4.0	-9.394330360374516	1196.5344831943512
34	1	2640	1	0.7356892228126526	-4.0	-9.34038705677077	1200.7804811000824
34	2	2922	1	0.6900824308395386	5.0	-9.196983186203061	1205.3738451004028
34	3	3250	1	0.4300602376461029	-2.0	-9.12501335434103	1210.5504350662231
34	4	2953	0	0.44629696011543274	-5.0	-9.083763220797621	1215.3132071495056
34	5	3379	0	0.7919068932533264	-5.0	-9.042925588589645	1220.739823102951
34	6	2770	0	0.3587046265602112	-7.0	-9.02249633270375	1225.173749923706
34	7	2901	0	0.9888049364089966	-5.0	-8.982271369376713	1229.7914731502533
34	8	3167	1	0.8607842922210693	-6.0	-8.952448655682947	1234.9029381275177
34	9	2943	0	0.6955890655517578	-4.0	-8.902924169126116	1239.6513531208038
35	0	3061	0	0.4058366119861603	-2.0	-8.833894927434855	1248.5087201595306
35	1	2698	1	0.4312257170677185	-4.0	-8.785555978160506	1252.897033214569
35	2	3024	1	0.46564963459968567	-5.0	-8.747700418378901	1257.731784105301
35	3	2691	0	0.7656267881393433	-4.0	-8.700223414195111	1262.047579050064
35	4	3314	1	0.6290343999862671	-2.0	-8.633221180053159	1267.4660379886627
35	5	2813	1	0.466657429933548	-4.0	-8.586888968252627	1271.969999074936
35	6	3144	1	0.9991986155509949	2.0	-8.4810200785701	1277.0188920497894
35	7	2867	0	0.8128654956817627	-6.0	-8.4562098777844	1281.6872732639313
35	8	2645	0	0.7996564507484436	-7.0	-8.441647779006555	1285.9701962471008
35	9	3215	0	0.4939025640487671	2.0	-8.33723130121649	1291.1596541404724
36	0	2568	0	0.5591369271278381	-11.0	-8.363858988204324	1299.095887184143
36	1	3205	1	0.6507452726364136	-3.0	-8.31022039832228	1304.1848602294922
36	2	3020	1	0.8546738028526306	-3.0	-8.257118194339055	1309.0718400478363
36	3	3117	0	0.9996684789657593	-4.0	-8.214547012395665	1314.066754102707
36	4	2089	0	0.9776174426078796	-16.0	-8.292401542271708	1317.3992431163788
36	5	3081	0	0.4476466178894043	2.0	-8.189477526848991	1322.2620589733124
36	6	3078	1	0.9782994985580444	4.0	-8.067582751580503	1327.2066431045532
36	7	3051	0	0.9592946767807007	-6.0	-8.046906924064697	1332.143210887909
36	8	2348	0	0.8098729252815247	-12.0	-8.08643785482405	1335.9497792720795
36	9	2804	0	0.7379135489463806	-4.0	-8.045573476275809	1340.433641910553
37	0	3575	1	0.3280186653137207	-3.0	-7.995117741513051	1350.0997381210327
37	1	3093	1	0.4406527280807495	2.0	-7.895166564097921	1355.0752129554749
37	2	2647	1	0.7389653921127319	-7.0	-7.886214898456942	1359.345314025879
37	3	2958	1	0.9989509582519531	4.0	-7.767352749472372	1364.1420860290527
37	4	2930	0	0.9856029748916626	-6.0	-7.749679221977647	1368.9107451438904
37	5	2896	0	0.31148862838745117	-7.0	-7.742182429757871	1373.5476961135864
37	6	2656	1	0.7895063757896423	-5.0	-7.714760605460292	1377.7842400074005
37	7	2872	1	0.9826796054840088	3.0	-7.6076129994056885	1382.3783469200134
37	8	3044	0	0.2777355909347534	-6.0	-7.591536869411631	1387.2681641578674
37	9	2773	0	0.2589053511619568	-7.0	-7.585621500717515	1391.7120649814606
38	0	3210	0	0.6691477298736572	7.0	-7.439765285710339	1400.7010972499847
38	1	2749	1	0.9223562479019165	-11.0	-7.475367632853236	1405.0759501457214
38	2	2827	0	0.273146390914917	-7.0	-7.470613956524704	1409.5977530479431
38	3	2922	1	0.5553605556488037	5.0	-7.345907816959457	1414.2483949661255
38	4	2854	0	0.22311681509017944	-8.0	-7.352448738789862	1418.8329911231995
38	5	3100	1	0.8121739029884338	-6.0	-7.338924251401963	1423.789385318756
38	6	3450	1	0.6906856298446655	-1.0	-7.2755350088879425	1429.3524301052094
38	7	3236	0	0.938652515411377	3.0	-7.172779658799063	1434.625586271286
38	8	3045	0	0.9891836643218994	5.0	-7.0510518622110725	1439.4957790374756
38	9	3304	0	0.938652515411377	1.0	-6.970541343588962	1444.8358180522919
39	0	2335	1	0.6192577481269836	-9.0	-6.990835930153072	1452.493765115738
39	1	3366	1	0.9822584390640259	1.0	-6.910927570851541	1457.8632612228394
39	2	1915	1	0.42062124609947205	-14.0	-6.981818295143025	1460.9348301887512
39	3	2978	1	0.6726912260055542	-6.0	-6.972000112191594	1465.6435871124268
39	4	3000	0	0.4836448132991791	-9.0	-6.992280111069678	1470.4808411598206
39	5	2116	1	0.3329586088657379	-15.0	-7.072357309958981	1473.8954510688782
39	6	2850	0	0.8758316040039062	-10.0	-7.101633736859391	1478.4841032028198
39	7	2826	1	0.9894164204597473	6.0	-6.970617399490798	1482.976394891739
39	8	2874	0	0.9532848000526428	8.0	-6.820911225495889	1487.6007161140442
39	9	3116	1	0.9703760743141174	-2.0	-6.77270211324093	1492.567265033722
40	0	2982	1	0.24470874667167664	5.0	-6.654975092108521	1501.2247951030731
40	1	3175	1	0.9488841891288757	3.0	-6.558425341187435	1506.32066822052
40	2	2891	0	0.9191352128982544	-7.0	-6.562841087775562	1510.8664209842682
40	3	3047	1	0.7993430495262146	-6.0	-6.557212676897805	1515.7604660987854
40	4	3207	0	0.9391584396362305	-3.0	-6.5216405501288275	1520.8798792362213
40	5	3309	0	0.9296960234642029	-2.0	-6.476424144627539	1526.123470067978
40	6	3206	0	0.7838364243507385	-5.0	-6.461659903181263	1531.2698080539703
40	7	2721	1	0.998372495174408	7.0	-6.32704330414945	1535.565134048462
40	8	3038	0	0.975625216960907	-8.0	-6.343772871107956	1540.42009806633
40	9	2356	1	0.23543868958950043	-10.0	-6.380335142396876	1544.1770312786102
41	0	2825	0	0.9300774931907654	6.0	-6.2565317909729075	1552.6577401161194
41	1	2891	1	0.9989948868751526	4.0	-6.1539664730631785	1557.3390419483185
41	2	3038	1	0.6579896807670593	-6.0	-6.152426808332546	1562.1791470050812
41	3	2689	1	0.6117666363716125	8.0	-6.01090254024922	1566.5013859272003
41	4	3149	0	0.9155392050743103	2.0	-5.930793514846728	1571.5840899944305
41	5	3028	0	0.9155392050743103	7.0	-5.8014855796982605	1576.4708561897278
41	6	2469	1	0.8949881792068481	-12.0	-5.863470723901278	1580.5013329982758
41	7	2838	0	0.9155392050743103	4.0	-5.764836016662265	1585.0332479476929
41	8	2932	0	0.6566851735115051	-4.0	-5.747187656495642	1589.7022650241852
41	9	3397	0	0.8608764410018921	-1.0	-5.699715779930686	1595.1594290733337
42	0	3853	1	0.7570502161979675	-2.0	-5.662718622131378	1605.275876045227
42	1	3533	1	0.9989590644836426	3.0	-5.576091435910064	1610.9858479499817
42	2	2878	1	0.9745705127716064	6.0	-5.460330521550964	1615.6499071121216
42	3	2483	0	0.9362349510192871	-10.0	-5.505727216335454	1619.637176990509
42	4	3374	1	0.9987213015556335	4.0	-5.410669944172099	1625.1172258853912
42	5	3052	1	0.9745705127716064	3.0	-5.3265632447303775	1630.0493450164795
42	6	3078	0	0.9143441915512085	-7.0	-5.343297612283074	1635.0135390758514
42	7	2731	0	0.5094841122627258	-8.0	-5.369864636160243	1639.4327709674835
42	8	3459	1	0.4520135521888733	-3.0	-5.346165989798641	1645.0111842155457
42	9	2927	1	0.9985559582710266	8.0	-5.212704329900655	1649.6840522289276
43	0	2725	0	0.9451920986175537	7.0	-5.090577286601648	1657.965648174286
43	1	2747	0	0.555842399597168	8.0	-4.959671513735631	1662.3866040706635
43	2	3142	0	0.6879849433898926	-3.0	-4.940074798598275	1667.425627231598
43	3	2483	1	0.0863301157951355	-8.0	-4.970674050612292	1671.3859751224518
43	4	2426	0	0.5614648461341858	-10.0	-5.020967310106169	1675.2269170284271
43	5	3099	1	0.9998258948326111	7.0	-4.900757637005107	1680.1773092746735
43	6	3084	0	0.6279463768005371	-10.0	-4.951750060635056	1685.0914669036865
43	7	3046	1	0.15583321452140808	-6.0	-4.9622325600287045	1689.9850223064423
43	8	3111	1	0.46584704518318176	-6.0	-4.972610234428417	1694.9654800891876
43	9	3223	1	0.20104451477527618	5.0	-4.872884132084133	1700.0885770320892
44	0	2835	1	0.5481208562850952	9.0	-4.734155290763292	1708.5605432987213
44	1	3092	0	0.4844880998134613	-8.0	-4.766813737855659	1713.5474841594696
44	2	2124	0	0.8692976832389832	-15.0	-4.869145600477103	1716.945041179657
44	3	3552	0	0.9997798800468445	-2.0	-4.840454144472332	1722.6455609798431
44	4	3011	0	0.4518791735172272	4.0	-4.752049603027609	1727.513422012329
44	5	2885	0	0.7697879076004028	-9.0	-4.794529106997333	1732.1959080696106
44	6	3212	1	0.9182002544403076	-3.0	-4.776583815927359	1737.464278936386
44	7	2857	0	0.6310300827026367	10.0	-4.628817977768086	1742.16748213768
44	8	2962	1	0.908632218837738	-10.0	-4.682529797990404	1747.0069742202759
44	9	2527	0	0.9546415209770203	11.0	-4.5257045000105	1751.0489430427551
45	0	3102	1	0.7303563952445984	-6.0	-4.540447455010394	1759.9921290874481
45	1	3397	0	0.7576649785041809	2.0	-4.475042980460291	1765.4013211727142
45	2	2821	0	0.7476983070373535	-9.0	-4.520292550655688	1770.0049600601196
45	3	2244	1	0.873688280582428	-15.0	-4.625089625149131	1773.6350629329681
45	4	2981	0	0.4105722904205322	-8.0	-4.658838728897639	1778.4688460826874
45	5	3651	1	0.9066956639289856	-1.0	-4.622250341608662	1784.326416015625
45	6	3108	1	0.9946066737174988	3.0	-4.546027838192575	1789.272624015808
45	7	2965	0	0.5071268081665039	-10.0	-4.600567559810649	1794.0307471752167
45	8	3153	0	0.5418155789375305	-3.0	-4.584561884212543	1799.060690164566
45	9	3061	0	0.7576649785041809	6.0	-4.478716265370418	1803.9563620090485
46	0	3942	1	0.8846242427825928	-3.0	-4.463929102716714	1814.2018489837646
46	1	2933	0	0.6490679383277893	8.0	-4.339289811689547	1818.9010241031647
46	2	3758	1	0.9576895833015442	2.0	-4.275896913572652	1824.9024691581726
46	3	3712	0	0.8920621275901794	-1.0	-4.243137944436925	1830.8054320812225
46	4	3366	1	0.6981562376022339	-4.0	-4.240706564992556	1836.2079982757568
46	5	2404	1	0.5561873316764832	-14.0	-4.3382994993426305	1840.087147951126
46	6	3003	1	0.999255359172821	8.0	-4.214916504349204	1844.8599789142609
46	7	2606	0	0.9003221988677979	-10.0	-4.2727673393057115	1849.129343032837
46	8	2820	0	0.6490679383277893	6.0	-4.170039665912655	1853.6576581001282
46	9	3145	1	0.9993370175361633	7.0	-4.058339269253528	1858.7350120544434
47	0	2772	0	0.9737030863761902	9.0	-3.927755876560993	1867.1540031433105
47	1	2800	0	0.9234424233436584	10.0	-3.788478317795383	1871.7243220806122
47	2	3680	0	0.9750815629959106	6.0	-3.690593534617429	1877.650535106659
47	3	3128	1	0.9991030693054199	6.0	-3.5936875992712545	1882.5810191631317
47	4	3374	0	0.9699800610542297	-7.0	-3.6277507232785418	1888.1039652824402
47	5	2590	0	0.5414444208145142	11.0	-3.481473216045756	1892.2861061096191
47	6	3189	1	0.4910113215446472	6.0	-3.3866584838852987	1897.4595551490784
47	7	3358	0	0.9737030863761902	3.0	-3.322791899046446	1902.8290610313416
47	8	3130	0	0.8847883939743042	-7.0	-3.3595639800559813	1907.8851220607758
47	9	3067	1	0.5615986585617065	-9.0	-3.4159683402554215	1912.833792924881
48	0	3739	0	0.8343901634216309	-2.0	-3.401808656852867	1922.806009054184
48	1	3367	1	0.9950870871543884	1.0	-3.3577905702843385	1928.1636662483215
48	2	3111	1	0.8773685097694397	-4.0	-3.364212664581495	1933.1388971805573
48	3	3320	1	0.8063662052154541	-7.0	-3.4005705379356796	1938.5510702133179
48	4	4140	0	0.6116306185722351	-4.0	-3.406564832556323	1945.2181549072266
48	5	3170	0	0.7932754755020142	-6.0	-3.4324991842307595	1950.2984461784363
48	6	3284	0	0.4156345725059509	5.0	-3.348174192388452	1955.5251471996307
48	7	2498	0	0.9857112765312195	-13.0	-3.4446924504645673	1959.5987932682037
48	8	3173	0	0.9647812247276306	3.0	-3.380245525959922	1964.7268719673157
48	9	3605	0	0.8823586106300354	-4.0	-3.3864430707003224	1970.5877392292023
49	0	3997	1	0.5652667880058289	-5.0	-3.402578639993319	1980.9109930992126
49	1	2933	1	0.8783251643180847	-9.0	-3.4585528535933854	1985.5790030956268
49	2	3892	0	0.9972335696220398	-1.0	-3.433967325057451	1991.7821249961853
49	3	3146	1	0.9991944432258606	9.0	-3.309627651806877	1996.822823047638
49	4	3152	0	0.862446129322052	7.0	-3.206531375288808	2001.8829550743103
49	5	3339	1	0.996364951133728	5.0	-3.1244660615359203	2007.2197930812836
49	6	3543	1	0.9999402761459351	3.0	-3.063221400920561	2012.9252772331238
49	7	2779	0	0.514942467212677	9.0	-2.9425891869113556	2017.2802469730377
49	8	3776	0	0.5070986747741699	-1.0	-2.923163295042242	2023.2136991024017
49	9	2927	0	0.9029117226600647	10.0	-2.7939316620918193	2027.952759027481
