0	0	936	1	0.736247718334198	-21.0	-21.0	1.5864038467407227
0	1	816	0	0.30672135949134827	-21.0	-21.0	2.8701319694519043
0	2	936	1	0.9423460364341736	-21.0	-21.0	4.344059944152832
0	3	875	1	0.9732561707496643	-21.0	-21.0	5.732532024383545
0	4	999	1	0.5437976717948914	-21.0	-21.0	7.3096840381622314
0	5	1157	0	0.45692598819732666	-20.0	-20.99	9.125343084335327
0	6	876	1	0.44814181327819824	-21.0	-20.990099999999998	10.517660856246948
0	7	822	1	0.8892946839332581	-21.0	-20.990199	11.847793817520142
0	8	817	1	0.4147495925426483	-21.0	-20.990297010000003	13.151137828826904
0	9	1066	0	0.07838624715805054	-19.0	-20.970394039900004	14.84835696220398
1	0	999	1	0.9713115692138672	-21.0	-20.970690099501006	20.18252182006836
1	1	1242	0	0.30760934948921204	-21.0	-20.970983198505998	22.135917901992798
1	2	914	1	0.9637300372123718	-20.0	-20.96127336652094	23.588506937026978
1	3	877	1	0.5148009061813354	-21.0	-20.96166063285573	24.991846799850464
1	4	1482	1	0.979647159576416	-21.0	-20.962044026527174	27.313073873519897
1	5	882	1	0.8035586476325989	-21.0	-20.962423586261902	28.721291065216064
1	6	941	1	0.8829175233840942	-21.0	-20.962799350399283	30.21308398246765
1	7	821	1	0.9739773869514465	-21.0	-20.96317135689529	31.515201807022095
1	8	881	0	0.19905860722064972	-21.0	-20.96353964332634	32.917985677719116
1	9	1117	1	0.9077666401863098	-21.0	-20.963904246893076	34.70146679878235
2	0	1107	1	0.9760138988494873	-18.0	-20.934265204424143	40.244919776916504
2	1	822	1	0.9373295307159424	-21.0	-20.934922552379902	41.57995295524597
2	2	1121	1	0.857372522354126	-21.0	-20.935573326856105	43.38687801361084
2	3	1455	0	0.4493047297000885	-20.0	-20.92621759358754	45.7351438999176
2	4	875	1	0.9259439706802368	-21.0	-20.926955417651666	47.182218074798584
2	5	1068	1	0.9865643978118896	-19.0	-20.90768586347515	48.90211582183838
2	6	821	1	0.948555588722229	-21.0	-20.9086090048404	50.22161388397217
2	7	1217	0	0.5499393939971924	-20.0	-20.899522914791994	52.16670894622803
2	8	877	0	0.42883291840553284	-21.0	-20.900527685644075	53.576416969299316
2	9	978	0	0.6271048784255981	-20.0	-20.891522408787633	55.10304594039917
3	0	816	1	0.4164113998413086	-21.0	-20.892607184699756	60.2349808216095
3	1	1120	1	0.6087316274642944	-21.0	-20.893681112852757	62.03310585021973
3	2	876	0	0.4345134496688843	-21.0	-20.89474430172423	63.45895600318909
3	3	916	1	0.9517578482627869	-20.0	-20.88579685870699	64.97069907188416
3	4	874	0	0.42771169543266296	-21.0	-20.88693889011992	66.37971687316895
3	5	941	1	0.9414970874786377	-21.0	-20.888069501218723	67.87816786766052
3	6	1062	1	0.5024526715278625	-21.0	-20.889188806206537	69.54134893417358
3	7	913	1	0.7111778855323792	-20.0	-20.88029691814447	70.98360991477966
3	8	1553	1	0.9623615145683289	-19.0	-20.861493948963027	73.42722988128662
3	9	1660	1	0.8441146612167358	-21.0	-20.862879009473396	76.06516981124878
4	0	1229	1	0.8778371214866638	-18.0	-20.83425021937866	81.77760887145996
4	1	1094	1	0.958579957485199	-20.0	-20.825907717184872	83.50445175170898
4	2	1039	0	0.6006539463996887	-20.0	-20.817648640013022	85.1647801399231
4	3	946	0	0.322031170129776	-19.0	-20.799472153612893	86.69242286682129
4	4	1001	1	0.947564423084259	-21.0	-20.801477432076766	88.3170759677887
4	5	1000	1	0.9759263396263123	-21.0	-20.803462657756	89.92229986190796
4	6	1517	1	0.6319006681442261	-20.0	-20.79542803117844	92.37484788894653
4	7	976	1	0.9254412651062012	-20.0	-20.787473750866653	93.9390389919281
4	8	1216	0	0.5702345967292786	-20.0	-20.779599013357984	95.85725808143616
4	9	1100	1	0.9618321061134338	-20.0	-20.771803023224404	97.60932779312134
5	0	1158	1	0.8787661790847778	-20.0	-20.76408499299216	103.22292399406433
5	1	878	1	0.46663615107536316	-21.0	-20.766444143062238	104.6304099559784
5	2	978	1	0.8538622260093689	-20.0	-20.758779701631614	106.20857286453247
5	3	1460	0	0.6381992101669312	-20.0	-20.751191904615297	108.56951594352722
5	4	998	1	0.5646270513534546	-21.0	-20.753679985569146	110.18349289894104
5	5	1034	1	0.8830704092979431	-20.0	-20.746143185713454	111.83914494514465
5	6	1863	0	0.7136953473091125	-17.0	-20.70868175385632	114.7996838092804
5	7	1056	0	0.4118136465549469	-21.0	-20.71159493631776	116.47978091239929
5	8	1180	1	0.5132362842559814	-21.0	-20.714478986954582	118.37922096252441
5	9	1368	1	0.9059662818908691	-19.0	-20.697334197085038	120.54803681373596
6	0	1035	0	0.5016453862190247	-20.0	-20.690360855114186	125.90216088294983
6	1	1095	0	0.6105339527130127	-20.0	-20.683457246563044	127.65740704536438
6	2	879	1	0.941131591796875	-21.0	-20.686622674097414	129.06121492385864
6	3	821	0	0.3412179946899414	-21.0	-20.68975644735644	130.40307188034058
6	4	1373	1	0.9049016237258911	-19.0	-20.672858882882878	132.6208279132843
6	5	1191	0	0.5507093071937561	-19.0	-20.65613029405405	134.52578592300415
6	6	1071	0	0.31833988428115845	-19.0	-20.639568991113514	136.2421009540558
6	7	1332	1	0.7658835649490356	-20.0	-20.633173301202376	138.39787483215332
6	8	1469	0	0.3071037232875824	-18.0	-20.60684156819035	140.77639293670654
6	9	912	1	0.38448140025138855	-20.0	-20.600773152508445	142.27371978759766
7	0	1013	1	0.9581574201583862	-19.0	-20.584765420983363	147.71040391921997
7	1	1370	1	0.4415452778339386	-19.0	-20.56891776677353	149.88043975830078
7	2	1216	1	0.608544111251831	-20.0	-20.563228589105794	151.83203387260437
7	3	1093	0	0.6938266158103943	-20.0	-20.557596303214734	153.59690284729004
7	4	1215	0	0.2897268831729889	-20.0	-20.552020340182587	155.5671911239624
7	5	971	0	0.6203696131706238	-20.0	-20.54650013678076	157.1299068927765
7	6	1604	0	0.4092981815338135	-21.0	-20.551035135412953	159.7025408744812
7	7	1577	1	0.6260108351707458	-20.0	-20.545524784058824	162.24844598770142
7	8	1034	0	0.49789851903915405	-20.0	-20.540069536218233	163.93829083442688
7	9	1009	1	0.7976329326629639	-19.0	-20.52466884085605	165.57855892181396
8	0	1530	0	0.491199254989624	-18.0	-20.49942215244749	171.69892191886902
8	1	975	0	0.6725646257400513	-20.0	-20.494427930923013	173.26345872879028
8	2	1287	0	0.44397464394569397	-18.0	-20.469483651613782	175.32954382896423
8	3	1433	0	0.24642592668533325	-19.0	-20.454788815097647	177.6075029373169
8	4	1133	1	0.6974562406539917	-19.0	-20.44024092694667	179.43264269828796
8	5	1253	0	0.5777143239974976	-19.0	-20.425838517677207	181.42447900772095
8	6	1441	1	0.7862722277641296	-17.0	-20.391580132500437	183.71826004981995
8	7	1103	1	0.6381722688674927	-18.0	-20.367664331175433	185.48740482330322
8	8	1181	0	0.7228763103485107	-21.0	-20.37398768786368	187.393324136734
8	9	1130	1	0.23162183165550232	-19.0	-20.360247810985044	189.23558688163757
9	0	1408	0	0.6594997048377991	-18.0	-20.336645332875193	195.17032599449158
9	1	1221	0	0.6606829166412354	-18.0	-20.31327887954644	197.1675169467926
9	2	2083	1	0.732811689376831	-16.0	-20.270146090750977	200.46150398254395
9	3	1531	1	0.5229292511940002	-18.0	-20.247444629843468	202.89430570602417
9	4	1837	1	0.6028788089752197	-16.0	-20.204970183545033	205.85153794288635
9	5	1655	0	0.6107180118560791	-16.0	-20.162920481709584	208.56155705451965
9	6	1289	0	0.9536077380180359	-18.0	-20.14129127689249	210.65875005722046
9	7	1350	1	0.5699496865272522	-18.0	-20.11987836412356	212.85285997390747
9	8	1670	1	0.6307058930397034	-14.0	-20.058679580482327	215.556334733963
9	9	1769	0	0.277793288230896	-18.0	-20.038092784677502	218.35722279548645
10	0	1373	0	0.7786543369293213	-19.0	-20.027711856830727	224.2354519367218
10	1	1648	1	0.9060362577438354	-18.0	-20.00743473826242	226.9099018573761
10	2	1850	1	0.8053780794143677	-14.0	-19.947360390879794	229.89314794540405
10	3	1439	0	0.901993989944458	-19.0	-19.937886786970996	232.25789070129395
10	4	1683	1	0.6333051323890686	-17.0	-19.908507919101286	234.97353768348694
10	5	1764	1	0.9226055145263672	-18.0	-19.889422839910274	237.78951787948608
10	6	1443	0	0.44056281447410583	-17.0	-19.860528611511175	240.16669082641602
10	7	1714	0	0.9579200148582458	-18.0	-19.841923325396063	243.00248193740845
10	8	2063	1	0.6942911744117737	-13.0	-19.7735040921421	246.28801202774048
10	9	1907	0	0.6104746460914612	-14.0	-19.71576905122068	249.3355269432068
11	0	1421	1	0.8275212645530701	-16.0	-19.678611360708473	255.38704109191895
11	1	2046	0	0.9083849787712097	-17.0	-19.65182524710139	258.69783186912537
11	2	2051	1	0.9012578725814819	-17.0	-19.625306994630378	261.93060779571533
11	3	1654	1	0.7736700177192688	-18.0	-19.609053924684073	264.5870888233185
11	4	1958	1	0.49788373708724976	-16.0	-19.57296338543723	267.73492407798767
11	5	1495	1	0.7792776226997375	-19.0	-19.567233751582858	270.1395478248596
11	6	1589	1	0.5903737545013428	-18.0	-19.551561414067027	272.69019389152527
11	7	1826	1	0.6517909169197083	-13.0	-19.486045799926355	275.6300048828125
11	8	1908	1	0.7691124081611633	-14.0	-19.43118534192709	278.6913058757782
11	9	1744	1	0.8180412650108337	-17.0	-19.40687348850782	281.44054198265076
12	0	2097	1	0.4791944622993469	-14.0	-19.352804753622742	288.79964685440063
12	1	1554	0	0.5300388932228088	-19.0	-19.349276706086517	291.3298668861389
12	2	1380	1	0.6791359782218933	-19.0	-19.345783939025655	293.53692984580994
12	3	1973	0	0.7057791948318481	-14.0	-19.2923260996354	296.6799838542938
12	4	2033	1	0.6939951181411743	-14.0	-19.239402838639045	299.9242367744446
12	5	2023	1	0.5897181630134583	-16.0	-19.207008810252653	303.1908538341522
12	6	2153	1	0.6599078178405762	-16.0	-19.174938722150127	306.5709819793701
12	7	2926	1	0.8341873288154602	-11.0	-19.093189334928624	311.2113678455353
12	8	2072	1	0.6323801279067993	-13.0	-19.032257441579336	314.5824408531189
12	9	1717	0	0.33026188611984253	-16.0	-19.00193486716354	317.3770680427551
13	0	1622	1	0.8851052522659302	-19.0	-19.001915518491906	323.86356472969055
13	1	1724	1	0.6578707098960876	-16.0	-18.971896363306985	326.65050888061523
13	2	2255	1	0.6022496819496155	-11.0	-18.892177399673916	330.23959612846375
13	3	2781	1	0.7360695600509644	-8.0	-18.783255625677175	334.66616678237915
13	4	2206	1	0.9352717995643616	-16.0	-18.755423069420402	338.20716285705566
13	5	3195	1	0.9901684522628784	-7.0	-18.6378688387262	343.28616094589233
13	6	1468	1	0.6868071556091309	-18.0	-18.631490150338937	345.66342782974243
13	7	3562	0	0.2766305208206177	-3.0	-18.475175248835548	351.40139603614807
13	8	2347	0	0.47080832719802856	-12.0	-18.410423496347192	355.2289819717407
13	9	1979	1	0.3819657266139984	-12.0	-18.346319261383723	358.45885705947876
14	0	1798	1	0.44150441884994507	-19.0	-18.35285606876989	365.1148679256439
14	1	3159	1	0.9975758194923401	5.0	-18.11932750808219	370.15281796455383
14	2	2770	1	0.2705683410167694	-12.0	-18.05813423300137	374.566526889801
14	3	1710	0	0.08938312530517578	-18.0	-18.057552890671353	377.31884384155273
14	4	2352	1	0.7826402187347412	-10.0	-17.97697736176464	381.12118673324585
14	5	2463	1	0.8342112302780151	-12.0	-17.917207588146994	385.15851402282715
14	6	1910	0	0.5059271454811096	-14.0	-17.878035512265523	388.26113271713257
14	7	1839	1	0.12589746713638306	-16.0	-17.85925515714287	391.2447748184204
14	8	3227	1	0.9863374829292297	3.0	-17.650662605571437	396.45335507392883
14	9	2247	0	0.947827160358429	-13.0	-17.60415597951572	400.0658299922943
15	0	2632	1	0.8725190758705139	-9.0	-17.518114419720565	408.1748139858246
15	1	1991	1	0.9949647188186646	21.0	-17.132933275523357	411.409126996994
15	2	2217	1	0.9930445551872253	18.0	-16.781603942768122	414.95626974105835
15	3	2537	1	0.8635130524635315	-10.0	-16.713787903340442	419.086306810379
15	4	2740	1	0.31341710686683655	-6.0	-16.606650024307037	423.4183828830719
15	5	2210	1	0.8702577948570251	-14.0	-16.580583524063968	426.9515850543976
15	6	2745	0	0.24147866666316986	-9.0	-16.504777688823328	431.38934993743896
15	7	2067	0	0.48226064443588257	-13.0	-16.469729911935094	434.7063858509064
15	8	2736	0	0.2951909899711609	-6.0	-16.365032612815742	439.143611907959
15	9	2483	1	0.9051565527915955	-8.0	-16.281382286687585	443.2413578033447
16	0	2660	0	0.9289809465408325	-8.0	-16.198568463820706	451.34844398498535
16	1	2082	1	0.9934414625167847	20.0	-15.8365827791825	454.6394407749176
16	2	1933	1	0.23151585459709167	-17.0	-15.848216951390675	457.6997468471527
16	3	3016	0	0.3760460913181305	-5.0	-15.73973478187677	462.5207328796387
16	4	3542	0	0.9950544834136963	3.0	-15.552337434058003	468.09751200675964
16	5	2761	0	0.9036391973495483	-7.0	-15.466814059717423	472.4712448120117
16	6	3274	1	0.9038828015327454	-1.0	-15.32214591912025	477.66838669776917
16	7	2860	1	0.6686521172523499	-6.0	-15.228924459929047	482.19480776786804
16	8	2989	1	0.7132933735847473	-4.0	-15.116635215329756	486.90032172203064
16	9	2247	1	0.9934414625167847	17.0	-14.795468863176458	490.4543240070343
17	0	3148	0	0.9969304203987122	4.0	-14.607514174544693	499.2592589855194
17	1	2199	1	0.99625164270401	15.0	-14.311439032799246	502.6564998626709
17	2	2622	1	0.9990707635879517	15.0	-14.018324642471253	506.7504439353943
17	3	2924	1	0.7296751141548157	-6.0	-13.938141396046541	511.31124687194824
17	4	2547	1	0.9950847029685974	12.0	-13.678759982086076	515.3033368587494
17	5	3364	0	0.7243047952651978	-2.0	-13.561972382265214	520.612685918808
17	6	1685	0	0.6883886456489563	-17.0	-13.596352658442562	523.2473480701447
17	7	3238	1	0.6802585124969482	-7.0	-13.530389131858136	528.3343508243561
17	8	3122	1	0.4601259231567383	-7.0	-13.465085240539555	533.2779388427734
17	9	3627	0	0.9978417158126831	2.0	-13.31043438813416	539.0540227890015
18	0	1987	1	0.9976624250411987	21.0	-12.967330044252817	546.11953997612
18	1	2596	0	0.9978883862495422	11.0	-12.72765674381029	550.195848941803
18	2	2650	1	0.9961525797843933	9.0	-12.510380176372186	554.3383209705353
18	3	3237	0	0.9978883862495422	3.0	-12.355276374608465	559.4000267982483
18	4	2064	1	0.40406671166419983	-15.0	-12.38172361086238	562.6447370052338
18	5	2063	1	0.9836978316307068	19.0	-12.067906374753758	565.886892080307
18	6	3604	0	0.9986825585365295	3.0	-11.91722731100622	571.5822188854218
18	7	2746	0	0.9827229976654053	10.0	-11.69805503789616	575.9507148265839
18	8	2405	1	0.9948480129241943	16.0	-11.421074487517197	579.7874419689178
18	9	2551	1	0.9971617460250854	14.0	-11.166863742642025	583.8347117900848
19	0	1991	1	0.9884939789772034	21.0	-10.845195105215604	590.8422548770905
19	1	2929	1	0.9995243549346924	5.0	-10.686743154163446	595.4682598114014
19	2	1991	1	0.9964078068733215	21.0	-10.369875722621812	598.6043426990509
19	3	2845	1	0.9933029413223267	7.0	-10.196176965395594	603.0799188613892
19	4	2789	0	0.9981963038444519	9.0	-10.004215195741638	607.4645400047302
19	5	3545	0	0.9983116388320923	1.0	-9.894173043784223	613.0449039936066
19	6	2374	0	0.9983246922492981	14.0	-9.65523131334638	616.8284878730774
19	7	3068	0	0.9990218877792358	8.0	-9.478679000212917	621.6352548599243
19	8	2502	0	0.9988528490066528	12.0	-9.26389221021079	625.5759928226471
19	9	1839	0	0.9447718858718872	-16.0	-9.331253288108682	628.4821708202362
20	0	3338	1	0.9960869550704956	7.0	-9.167940755227594	637.6977989673615
20	1	2252	1	0.9974234104156494	17.0	-8.906261347675319	641.2814037799835
20	2	2550	0	0.9993953704833984	14.0	-8.677198734198564	645.2669179439545
20	3	1992	1	0.9974234104156494	21.0	-8.380426746856577	648.4196479320526
20	4	1988	1	0.9974234104156494	21.0	-8.08662247938801	651.5681138038635
20	5	3165	1	0.999861478805542	10.0	-7.905756254594131	656.5294489860535
20	6	2092	0	0.9985206723213196	-16.0	-7.98669869204819	659.9620900154114
20	7	1990	1	0.9993487000465393	21.0	-7.696831705127708	663.1087408065796
20	8	2831	0	0.9993953704833984	6.0	-7.559863388076431	667.5556380748749
20	9	2337	0	0.9990241527557373	15.0	-7.334264754195667	671.2335879802704
21	0	2968	1	0.9995748400688171	7.0	-7.19092210665371	679.6833798885345
21	1	3676	0	0.9994175434112549	4.0	-7.079012885587173	685.4703288078308
21	2	1986	1	0.9974931478500366	21.0	-6.798222756731302	688.643786907196
21	3	2573	1	0.9974931478500366	13.0	-6.6002405291639885	692.6683089733124
21	4	2190	1	0.9933144450187683	17.0	-6.364238123872348	696.0661809444427
21	5	2027	1	0.9991999268531799	20.0	-6.100595742633624	699.3069288730621
21	6	1985	1	0.9974931478500366	21.0	-5.829589785207288	702.4604759216309
21	7	2259	0	0.9992392063140869	19.0	-5.581293887355215	705.9779059886932
21	8	1985	1	0.9974931478500366	21.0	-5.315480948481663	709.1142029762268
21	9	2768	0	0.9991503953933716	13.0	-5.132326138996846	713.4739549160004
22	0	2749	0	0.9995434880256653	12.0	-4.9610028776068775	721.6182117462158
22	1	2881	1	0.9975085258483887	13.0	-4.781392848830809	726.1002497673035
22	2	3837	1	0.9975085258483887	1.0	-4.723578920342501	732.0754518508911
22	3	2212	0	0.9991551637649536	17.0	-4.506343131139076	735.5599360466003
22	4	2380	1	0.9899557828903198	15.0	-4.3112796998276846	739.3156228065491
22	5	3066	0	0.9991551637649536	8.0	-4.1881669028294075	744.0841789245605
22	6	2960	0	0.9991551637649536	11.0	-4.036285233801113	748.7172150611877
22	7	4134	0	0.9991551637649536	5.0	-3.945922381463102	755.228796005249
22	8	2801	0	0.9992326498031616	14.0	-3.7664631576484706	759.6032018661499
22	9	3128	0	0.9994142055511475	8.0	-3.6487985260719857	764.4783360958099
23	0	3291	0	0.9995500445365906	10.0	-3.512310540811266	773.5888750553131
23	1	3473	0	0.9995500445365906	10.0	-3.3771874354031532	779.0173399448395
23	2	2598	0	0.9993614554405212	11.0	-3.2334155610491218	783.0835437774658
23	3	1989	1	0.9960783123970032	21.0	-2.9910814054386305	786.182541847229
23	4	2495	0	0.9994346499443054	14.0	-2.821170591384244	790.0473799705505
23	5	1989	1	0.9960783123970032	21.0	-2.582958885470402	793.1287188529968
23	6	2657	1	0.9970467686653137	14.0	-2.417129296615698	797.3320398330688
23	7	2088	1	0.9960783123970032	20.0	-2.1929580036495406	800.5536069869995
23	8	2227	0	0.9987117052078247	-12.0	-2.2910284236130454	804.0120167732239
23	9	1990	1	0.9989244341850281	21.0	-2.058118139376915	807.1254599094391
24	0	3688	0	0.9995930790901184	4.0	-1.9975369579831455	816.7122249603271
24	1	2553	0	0.9994915723800659	14.0	-1.837561588403314	820.7869408130646
24	2	1988	1	0.995897650718689	21.0	-1.609185972519281	823.934651851654
24	3	1990	1	0.9988910555839539	21.0	-1.3830941127940881	827.0551669597626
24	4	1987	1	0.9988910555839539	21.0	-1.1592631716661472	830.1362619400024
24	5	2855	1	0.9982942938804626	14.0	-1.0076705399494856	834.5475389957428
24	6	1986	1	0.995897650718689	21.0	-0.7875938345499908	837.6425518989563
24	7	2359	0	0.9994930028915405	18.0	-0.5997178962044909	841.2682340145111
24	8	2274	1	0.995897650718689	18.0	-0.413720717242446	845.0077247619629
24	9	2644	1	0.9991785883903503	15.0	-0.25958351007002156	849.1667048931122
25	0	3149	0	0.9994449019432068	9.0	-0.16698767496932135	857.802875995636
25	1	2314	1	0.9969954490661621	17.0	0.004682201780371875	861.3776729106903
25	2	2460	0	0.9994449019432068	15.0	0.15463537976256814	865.2797088623047
25	3	2546	0	0.9996139407157898	16.0	0.3130890259649425	869.2094619274139
25	4	2638	1	0.9969954490661621	13.0	0.4399581357052931	873.3266179561615
25	5	3259	1	0.9969954490661621	2.0	0.45555855434824016	878.3135187625885
25	6	2991	1	0.9878786206245422	8.0	0.5310029688047577	882.9683179855347
25	7	2923	1	0.9992914199829102	12.0	0.6456929391167101	887.5879397392273
25	8	2688	0	0.9997081160545349	12.0	0.759236009725543	891.7614538669586
25	9	2067	0	0.9994449019432068	21.0	0.9616436496282875	895.0003437995911
26	0	3764	1	0.9887028932571411	7.0	1.0220272131320047	904.7172219753265
26	1	2020	1	0.8596906065940857	-11.0	0.9018069410006847	907.8697810173035
26	2	2595	0	0.9996252059936523	16.0	1.052788871590678	911.9516217708588
26	3	2995	0	0.9995836615562439	10.0	1.1422609828747712	916.6453137397766
26	4	2757	0	0.9996447563171387	15.0	1.2808383730460233	920.9550538063049
26	5	2650	0	0.9995836615562439	13.0	1.398029989315563	925.0494089126587
26	6	2765	0	0.9972931742668152	-12.0	1.2640496894224071	929.3486659526825
26	7	2553	1	0.9976460337638855	17.0	1.421409192528183	933.3468339443207
26	8	2370	1	0.9976460337638855	17.0	1.5771951006029012	937.0798888206482
26	9	2771	0	0.9995836615562439	13.0	1.6914231495968721	941.4212288856506
27	0	2948	0	0.9997226595878601	13.0	1.8045089181009035	949.8710830211639
27	1	2383	0	0.6331808567047119	-11.0	1.6764638289198943	953.5891089439392
27	2	1989	1	0.9978758096694946	21.0	1.8696991906306952	956.6905207633972
27	3	1985	1	0.9978758096694946	21.0	2.0610021987243883	959.7644460201263
27	4	2482	0	0.9997991919517517	16.0	2.2003921767371444	963.6253678798676
27	5	2519	1	0.9984256029129028	11.0	2.2883882549697727	967.5294499397278
27	6	2072	0	0.9997226595878601	21.0	2.475504372420075	970.7762079238892
27	7	2202	0	0.9997226595878601	19.0	2.6407493286958745	974.2949368953705
27	8	2069	0	0.9997226595878601	21.0	2.824341835408916	977.6488599777222
27	9	2231	0	0.9997991919517517	18.0	2.9760984170548266	981.2222547531128
28	0	1985	1	0.9993218183517456	21.0	3.1563374328842784	988.1344358921051
28	1	2161	0	0.9997997879981995	20.0	3.3247740585554357	991.4481918811798
28	2	2588	0	0.9997844099998474	13.0	3.421526317969881	995.4844517707825
28	3	1985	1	0.9988729357719421	21.0	3.597311054790182	998.5827867984772
28	4	1987	1	0.9984703660011292	21.0	3.7713379442422803	1001.6931610107422
28	5	2848	1	0.9988729357719421	12.0	3.8536245647998575	1006.1049618721008
28	6	2072	0	0.9997844099998474	21.0	4.025088319151859	1009.3597178459167
28	7	2137	0	0.9997844099998474	19.0	4.174837435960341	1012.6811118125916
28	8	3910	1	0.9988729357719421	4.0	4.173089061600737	1018.7764978408813
28	9	2875	1	0.9988729357719421	13.0	4.26135817098473	1023.2656698226929
29	0	2082	1	0.9988056421279907	20.0	4.4187445892748825	1030.3645939826965
29	1	2235	0	0.9997428059577942	18.0	4.554557143382134	1033.8551619052887
29	2	2067	0	0.9997428059577942	21.0	4.719011571948312	1037.112028837204
29	3	2415	0	0.9998089671134949	18.0	4.851821456228828	1040.894758939743
29	4	2069	0	0.9997428059577942	21.0	5.01330324166654	1044.1060359477997
29	5	2993	1	0.9991481304168701	1.0	4.973170209249874	1048.7182569503784
29	6	2383	0	0.9997428059577942	19.0	5.113438507157375	1052.4596848487854
29	7	2474	0	0.9997428059577942	18.0	5.242304122085801	1056.3674528598785
29	8	2658	0	0.9998089671134949	16.0	5.349881080864943	1060.5772800445557
29	9	3101	0	0.9995843768119812	12.0	5.416382270056293	1065.479742050171
30	0	4172	1	0.9997816681861877	2.0	5.38221844735573	1075.9049921035767
30	1	1990	1	0.9993427395820618	21.0	5.538396262882173	1079.0139248371124
30	2	1986	1	0.9990525841712952	21.0	5.693012300253351	1082.1500890254974
30	3	1985	1	0.9990525841712952	21.0	5.846082177250817	1085.2955858707428
30	4	2803	1	0.9993427395820618	8.0	5.867621355478309	1089.6535079479218
30	5	2141	0	0.9996891021728516	19.0	5.998945141923526	1092.958203792572
30	6	2223	0	0.9996955394744873	20.0	6.138955690504291	1096.4614799022675
30	7	2067	0	0.9996891021728516	21.0	6.287566133599248	1099.6985228061676
30	8	2803	0	0.9997636675834656	12.0	6.344690472263256	1104.150732755661
30	9	3011	1	0.9997277855873108	9.0	6.371243567540623	1108.952306985855
31	0	2066	0	0.9996997117996216	21.0	6.5175311318652165	1115.948884010315
31	1	2105	0	0.9996930360794067	20.0	6.652355820546564	1119.264790058136
31	2	2471	0	0.9991412162780762	18.0	6.765832262341098	1123.1758878231049
31	3	3850	0	0.52303147315979	6.0	6.758173939717686	1129.2238929271698
31	4	2689	1	0.999599039554596	13.0	6.820592200320509	1133.4557628631592
31	5	2223	0	0.9996930360794067	20.0	6.952386278317304	1136.9889779090881
31	6	1988	1	0.9994155168533325	21.0	7.092862415534131	1140.1398947238922
31	7	1989	1	0.9994155168533325	21.0	7.23193379137879	1143.332130908966
31	8	2283	0	0.9996930360794067	20.0	7.359614453465002	1146.9412338733673
31	9	3767	0	0.9997569918632507	5.0	7.336018308930352	1152.8354477882385
32	0	1991	1	0.9994838237762451	21.0	7.472658125841048	1160.014595746994
32	1	2069	0	0.9998130202293396	21.0	7.607931544582637	1163.2978808879852
32	2	2824	1	0.9996408224105835	11.0	7.641852229136811	1167.7511649131775
32	3	1986	1	0.9994838237762451	21.0	7.775433706845443	1170.8822977542877
32	4	2167	0	0.9998480081558228	20.0	7.897679369776989	1174.248378753662
32	5	2081	1	0.9994838237762451	20.0	8.01870257607922	1177.5282089710236
32	6	2891	1	0.9994838237762451	4.0	7.978515550318427	1181.9737946987152
32	7	3331	1	0.9996408224105835	7.0	7.968730394815243	1187.2043027877808
32	8	2136	0	0.9998130202293396	19.0	8.07904309086709	1190.532840013504
32	9	2151	1	0.9996408224105835	18.0	8.178252659958419	1193.8958179950714
33	0	1985	1	0.999423623085022	21.0	8.306470133358836	1200.8716359138489
33	1	1989	1	0.9995892643928528	21.0	8.433405432025248	1203.9537048339844
33	2	2804	1	0.9995892643928528	10.0	8.449071377704994	1208.3088147640228
33	3	2067	0	0.9998838901519775	21.0	8.574580663927945	1211.5020067691803
33	4	2069	0	0.9998838901519775	21.0	8.698834857288666	1214.7430908679962
33	5	2070	0	0.9999028444290161	21.0	8.821846508715781	1217.9495298862457
33	6	2004	0	0.9998838901519775	21.0	8.943628043628625	1221.0860240459442
33	7	3142	0	0.9998838901519775	11.0	8.964191763192337	1226.0026569366455
33	8	1985	1	0.999423623085022	21.0	9.084549845560415	1229.123459815979
33	9	2299	0	0.9999085664749146	16.0	9.153704347104812	1232.7026057243347
34	0	3504	0	0.9961744546890259	9.0	9.152167303633764	1241.8780040740967
34	1	1990	1	0.9994903802871704	21.0	9.270645630597427	1245.0140857696533
34	2	1989	1	0.9994903802871704	21.0	9.387939174291454	1248.137298822403
34	3	2066	0	0.9999161958694458	21.0	9.50405978254854	1251.3815948963165
34	4	2767	1	0.9996476173400879	16.0	9.569019184723054	1255.6825489997864
34	5	2813	1	0.9996476173400879	8.0	9.553328992875823	1260.0043919086456
34	6	1987	1	0.9994903802871704	21.0	9.667795702947066	1263.053793668747
34	7	2938	0	0.9999161958694458	15.0	9.721117745917596	1267.5857627391815
34	8	3165	0	0.9999374151229858	12.0	9.743906568458419	1272.4899678230286
34	9	2072	0	0.9999161958694458	21.0	9.856467502773835	1275.7186350822449
35	0	2084	1	0.9996196031570435	20.0	9.957902827746096	1282.9317288398743
35	1	4470	1	0.9998007416725159	2.0	9.878323799468635	1289.9082498550415
35	2	1992	1	0.9996196031570435	21.0	9.98954056147395	1293.0404779911041
35	3	2802	1	0.9996196031570435	10.0	9.98964515585921	1297.305014848709
35	4	2071	0	0.9999078512191772	21.0	10.099748704300618	1300.5143098831177
35	5	2087	1	0.9996196031570435	20.0	10.19875121725761	1303.7817599773407
35	6	3929	1	0.9997475743293762	2.0	10.116763705085035	1309.8800230026245
35	7	2537	1	0.9997475743293762	14.0	10.155596068034185	1313.8696279525757
35	8	2282	1	0.9986929297447205	16.0	10.214040107353844	1317.427062034607
35	9	2072	0	0.9999078512191772	21.0	10.321899706280306	1320.6408867835999
36	0	3948	0	0.9998438358306885	3.0	10.248680709217501	1330.612370967865
36	1	4023	0	0.9970945119857788	6.0	10.206193902125326	1336.943041086197
36	2	1989	1	0.9996861219406128	21.0	10.314131963104074	1340.0931327342987
36	3	2389	0	0.9999171495437622	17.0	10.380990643473034	1343.8621408939362
36	4	1985	1	0.9996861219406128	21.0	10.487180737038305	1347.014326095581
36	5	1989	1	0.9996861219406128	21.0	10.592308929667922	1350.1399669647217
36	6	2165	0	0.9999171495437622	20.0	10.686385840371242	1353.4897270202637
36	7	2163	0	0.9999308586120605	20.0	10.779521981967529	1356.8697538375854
36	8	1987	1	0.9996861219406128	21.0	10.881726762147855	1359.9264569282532
36	9	2069	0	0.9999171495437622	21.0	10.982909494526377	1363.217535018921
37	0	2296	0	0.9999332427978516	18.0	11.053080399581113	1370.7176027297974
37	1	2317	0	0.9999184608459473	19.0	11.132549595585301	1374.3604817390442
37	2	2068	0	0.9999184608459473	21.0	11.231224099629449	1377.611858844757
37	3	4684	1	0.973261833190918	1.0	11.128911858633154	1384.8693130016327
37	4	1992	1	0.9997348189353943	21.0	11.227622740046824	1387.9455609321594
37	5	3152	1	0.9162362217903137	-6.0	11.055346512646356	1392.8290297985077
37	6	1989	1	0.9997348189353943	21.0	11.154793047519894	1395.8717980384827
37	7	3714	1	0.9995294809341431	13.0	11.173245117044695	1401.673770904541
37	8	2227	1	0.9998250603675842	16.0	11.221512665874249	1405.1461079120636
37	9	1990	1	0.9997348189353943	21.0	11.319297539215507	1408.2584209442139
38	0	3008	1	0.999813973903656	4.0	11.246104563823351	1416.7587988376617
38	1	2148	0	0.9999127388000488	17.0	11.303643518185117	1420.098671913147
38	2	2067	0	0.9999127388000488	21.0	11.400607083003267	1423.3218550682068
38	3	2086	1	0.9997132420539856	20.0	11.486601012173233	1426.5903260707855
38	4	2547	1	0.9965948462486267	12.0	11.4917350020515	1430.5570919513702
38	5	1990	1	0.9997132420539856	21.0	11.586817652030986	1433.6701169013977
38	6	2070	0	0.9999397993087769	21.0	11.680949475510676	1436.8796527385712
38	7	2559	1	0.999813973903656	15.0	11.71413998075557	1440.8757429122925
38	8	2071	0	0.9999127388000488	21.0	11.806998580948015	1444.2283787727356
38	9	2163	0	0.9999397993087769	20.0	11.888928595138534	1447.6278698444366
39	0	2380	1	0.9998788833618164	15.0	11.92003930918715	1455.1318500041962
39	1	1992	1	0.9998026490211487	21.0	12.01083891609528	1458.3013389110565
39	2	2146	1	0.9998788833618164	20.0	12.090730526934326	1461.6353030204773
39	3	1988	1	0.9998026490211487	21.0	12.179823221664984	1464.7513060569763
39	4	1987	1	0.9998026490211487	21.0	12.268024989448335	1467.882929801941
39	5	1816	0	0.8589485883712769	-20.0	11.945344739553853	1470.7454888820648
39	6	1988	1	0.9998026490211487	21.0	12.035891292158315	1473.865839958191
39	7	1988	1	0.9998026490211487	21.0	12.125532379236732	1476.9693660736084
39	8	2212	1	0.9999574422836304	18.0	12.184277055444365	1480.4106760025024
39	9	2069	0	0.9998948574066162	21.0	12.272434284889922	1483.6373088359833
40	0	2253	1	0.9998290538787842	17.0	12.319709942041023	1491.0004811286926
40	1	2214	1	0.9998995065689087	18.0	12.376512842620611	1494.4729406833649
40	2	1990	1	0.9998290538787842	21.0	12.462747714194407	1497.588073015213
40	3	2101	0	0.9998939037322998	20.0	12.538120237052462	1500.9014537334442
40	4	2925	1	0.9998995065689087	8.0	12.492739034681938	1505.46071600914
40	5	1991	1	0.9998995065689087	21.0	12.57781164433512	1508.55299782753
40	6	1987	1	0.9998290538787842	21.0	12.662033527891769	1511.6948809623718
40	7	2071	0	0.9998770952224731	21.0	12.745413192612851	1514.937264919281
40	8	1989	1	0.9998290538787842	21.0	12.827959060686723	1518.078822851181
40	9	2067	0	0.9998770952224731	21.0	12.909679470079857	1521.3671970367432
41	0	2246	1	0.9998880624771118	19.0	12.970582675379058	1528.667986869812
41	1	2102	0	0.9999127388000488	20.0	13.040876848625267	1532.0155868530273
41	2	1991	1	0.9998880624771118	21.0	13.120468080139014	1535.1806359291077
41	3	2311	1	0.999936580657959	17.0	13.159263399337624	1538.8531630039215
41	4	2166	0	0.9999127388000488	20.0	13.227670765344246	1542.2356140613556
41	5	2915	0	0.9998846054077148	12.0	13.215394057690803	1546.8198528289795
41	6	2011	0	0.9998846054077148	21.0	13.293240117113896	1549.9244558811188
41	7	2004	0	0.9998846054077148	21.0	13.370307715942758	1553.0677089691162
41	8	1992	1	0.9998880624771118	21.0	13.446604638783331	1556.1852498054504
41	9	4027	1	0.999833345413208	6.0	13.372138592395498	1562.4809579849243
42	0	2006	0	0.9998995065689087	21.0	13.448417206471543	1569.4361190795898
42	1	2145	1	0.9999643564224243	20.0	13.513933034406827	1572.7612817287445
42	2	3420	0	0.9998995065689087	13.0	13.508793704062759	1578.1123769283295
42	3	1992	1	0.999936580657959	21.0	13.583705767022133	1581.1805109977722
42	4	2783	1	0.9999643564224243	12.0	13.567868709351911	1585.4827950000763
42	5	2049	1	0.9999643564224243	21.0	13.642190022258394	1588.6776978969574
42	6	2166	0	0.9999186992645264	20.0	13.705768122035808	1592.0708837509155
42	7	1987	1	0.999936580657959	21.0	13.77871044081545	1595.1909279823303
42	8	1992	1	0.999936580657959	21.0	13.850923336407297	1598.3254368305206
42	9	1986	1	0.999936580657959	21.0	13.922414103043224	1601.4908838272095
43	0	2069	0	0.9998999834060669	21.0	13.993189962012792	1608.485363960266
43	1	2101	0	0.999916672706604	20.0	14.053258062392663	1611.7864010334015
43	2	2072	0	0.9999599456787109	21.0	14.122725481768738	1615.055333852768
43	3	2085	1	0.9999417066574097	20.0	14.18149822695105	1618.3060920238495
43	4	1988	1	0.9999417066574097	21.0	14.24968324468154	1621.4209129810333
43	5	2902	1	0.9999676942825317	7.0	14.177186412234725	1625.957757949829
43	6	2285	0	0.9999171495437622	20.0	14.235414548112377	1629.4938879013062
43	7	2468	1	0.9999676942825317	16.0	14.253060402631254	1633.3202209472656
43	8	2066	0	0.9998999834060669	21.0	14.320529798604943	1636.571583032608
43	9	1991	1	0.9999417066574097	21.0	14.387324500618893	1639.6847298145294
44	0	2383	1	0.999962568283081	15.0	14.393451255612705	1647.1291909217834
44	1	1990	1	0.9999319314956665	21.0	14.459516743056579	1650.2215900421143
44	2	1988	1	0.9999319314956665	21.0	14.524921575626013	1653.3292617797852
44	3	4107	1	0.999962568283081	2.0	14.399672359869752	1659.7791118621826
44	4	2353	0	0.9993451237678528	18.0	14.435675636271055	1663.4769427776337
44	5	1992	1	0.9999319314956665	21.0	14.501318879908345	1666.6098461151123
44	6	2070	0	0.9999061822891235	21.0	14.566305691109262	1669.8249170780182
44	7	1989	1	0.9999319314956665	21.0	14.63064263419817	1672.9099159240723
44	8	2071	0	0.9999260902404785	21.0	14.694336207856189	1676.1381368637085
44	9	1990	1	0.9999319314956665	21.0	14.757392845777629	1679.2996139526367
45	0	2921	1	0.9999573230743408	10.0	14.709818917319852	1687.7324419021606
45	1	2010	0	0.9999127388000488	21.0	14.772720728146654	1690.892455816269
45	2	2169	0	0.9999127388000488	18.0	14.804993520865187	1694.3239660263062
45	3	2010	0	0.9999064207077026	21.0	14.866943585656536	1697.5285367965698
45	4	2317	0	0.9999127388000488	19.0	14.90827414979997	1701.179445028305
45	5	2067	0	0.9999064207077026	21.0	14.96919140830197	1704.4496479034424
45	6	2004	0	0.9999064207077026	21.0	15.029499494218951	1707.6928148269653
45	7	1992	1	0.9999232292175293	21.0	15.089204499276763	1710.8247737884521
45	8	2066	0	0.9999064207077026	21.0	15.148312454283996	1714.098624944687
45	9	2067	0	0.9999064207077026	21.0	15.206829329741156	1717.3838949203491
46	0	2066	0	0.9999250173568726	21.0	15.264761036443746	1724.407471895218
46	1	2163	0	0.9999250173568726	20.0	15.312113426079307	1727.8000569343567
46	2	3278	1	0.9893254041671753	-6.0	15.098992291818513	1732.9459218978882
46	3	1990	1	0.9999408721923828	21.0	15.158002368900329	1736.0638418197632
46	4	2006	0	0.9999250173568726	21.0	15.216422345211326	1739.2317440509796
46	5	1991	1	0.9999408721923828	21.0	15.274258121759214	1742.4315719604492
46	6	3330	0	0.9999250173568726	7.0	15.191515540541621	1747.5808568000793
46	7	2287	0	0.9999289512634277	20.0	15.239600385136203	1751.1517210006714
46	8	2011	0	0.9999250173568726	21.0	15.297204381284843	1754.3182559013367
46	9	2297	1	0.9999667406082153	14.0	15.284232337471995	1757.9445188045502
47	0	1991	1	0.9999575614929199	21.0	15.341390014097275	1764.844918012619
47	1	2163	0	0.9999332427978516	20.0	15.387976113956302	1768.1741609573364
47	2	2167	0	0.9999332427978516	20.0	15.434096352816738	1771.5035059452057
47	3	2137	0	0.999921441078186	19.0	15.46975538928857	1774.801022052765
47	4	3744	1	0.9999767541885376	2.0	15.335057835395684	1780.614444732666
47	5	2007	0	0.999977707862854	21.0	15.391707257041729	1783.7267577648163
47	6	2134	0	0.999921441078186	19.0	15.427790184471311	1787.0708038806915
47	7	1985	1	0.9999575614929199	21.0	15.483512282626599	1790.216421842575
47	8	2009	0	0.999921441078186	21.0	15.538677159800333	1793.3647739887238
47	9	2069	0	0.999921441078186	21.0	15.59329038820233	1796.6169328689575
48	0	2767	1	0.999977707862854	11.0	15.547357484320306	1804.669312953949
48	1	2781	0	0.9999674558639526	16.0	15.551883909477104	1808.967043876648
48	2	2151	1	0.999977707862854	18.0	15.576365070382332	1812.2839319705963
48	3	2115	1	0.999977707862854	19.0	15.610601419678508	1815.5603787899017
48	4	2346	1	0.999977707862854	16.0	15.614495405481723	1819.2180297374725
48	5	1989	1	0.9999575614929199	21.0	15.668350451426907	1822.2812349796295
48	6	2408	1	0.999977707862854	16.0	15.671666946912637	1826.0023057460785
48	7	1992	1	0.9999575614929199	21.0	15.724950277443511	1829.0970628261566
48	8	2477	0	0.9999265670776367	16.0	15.727700774669076	1832.9810791015625
48	9	1988	1	0.9999575614929199	21.0	15.780423766922386	1836.1252937316895
49	0	2069	0	0.9999257326126099	21.0	15.832619529253163	1843.0987467765808
49	1	2970	1	0.9999775886535645	12.0	15.794293333960631	1847.7586660385132
49	2	1991	1	0.9999556541442871	21.0	15.846350400621025	1850.853777885437
49	3	2070	0	0.9999257326126099	21.0	15.897886896614816	1854.0544121265411
49	4	2477	1	0.9999775886535645	14.0	15.878908027648668	1857.9001500606537
49	5	1986	1	0.9999556541442871	21.0	15.930118947372183	1860.9620218276978
49	6	2070	0	0.9999257326126099	21.0	15.980817757898462	1864.1738419532776
49	7	2683	0	0.9999257326126099	17.0	15.991009580319478	1868.3059430122375
49	8	2164	0	0.9999359846115112	20.0	16.031099484516282	1871.6439900398254
49	9	2070	0	0.9999257326126099	21.0	16.080788489671118	1874.893259048462
