1	0.0	0.0	2.9774978160858154
2	0.0	0.0	4.630918979644775
3	0.0	0.0	5.647660970687866
4	0.0	0.0	6.672427654266357
5	0.0	0.0	6.8513569831848145
6	0.0	0.0	7.079295635223389
7	0.0	0.0	8.707084655761719
8	0.0	0.0	11.419230937957764
9	0.0	0.0	11.59442687034607
10	0.0	0.0	11.76122498512268
11	0.0	0.0	11.981271028518677
12	0.0	0.0	12.453809022903442
13	0.0	0.0	12.658572912216187
14	0.0	0.0	12.906915664672852
15	0.0	0.0	14.620270729064941
16	0.0	0.0	14.788083791732788
17	0.0	0.0	14.966707229614258
18	0.0	0.0	15.196537733078003
19	0.0	0.0	15.463417053222656
20	0.0	0.0	15.954978466033936
21	0.0	0.0	16.28789258003235
22	0.0	0.0	16.937960863113403
23	0.0	0.0	17.685964107513428
24	0.0	0.0	17.930745601654053
25	0.0	0.0	18.091745615005493
26	0.0	0.0	18.52539324760437
27	0.0	0.0	18.691765069961548
28	0.0	0.0	18.839280128479004
29	0.0	0.0	18.998403549194336
30	0.0	0.0	20.450052976608276
31	0.0	0.0	20.65694499015808
32	0.0	0.0	20.776384115219116
33	0.0	0.0	20.98904323577881
34	0.0	0.0	21.141512155532837
35	0.0	0.0	21.8004629611969
36	0.0	0.0	22.001586198806763
37	0.0	0.0	22.257545709609985
38	0.0	0.0	23.544405460357666
39	0.0	0.0	25.076242923736572
40	0.0	0.0	25.237756490707397
41	0.0	0.0	25.483680248260498
42	0.0	0.0	25.71105122566223
43	0.0	0.0	25.90044903755188
44	0.0	0.0	26.102285146713257
45	0.0	0.0	26.245241403579712
46	0.0	0.0	26.40719199180603
47	0.0	0.0	26.720489740371704
48	0.0	0.0	26.935426473617554
49	0.0	0.0	27.242645502090454
50	0.0	0.0	27.41208004951477
51	0.0	0.0	27.581615209579468
52	0.0	0.0	27.8378746509552
53	0.0	0.0	28.007999181747437
54	0.0	0.0	28.261691331863403
55	0.0	0.0	28.45697259902954
56	0.0	0.0	28.604180097579956
57	0.0	0.0	28.915965795516968
58	0.0	0.0	29.06339693069458
59	0.0	0.0	29.325200080871582
60	0.0	0.0	29.652899503707886
61	0.0	0.0	31.664050579071045
62	0.0	0.0	32.54803919792175
63	0.0	0.0	32.76054263114929
64	0.0	0.0	33.045998096466064
65	0.0	0.0	33.32192897796631
66	0.0	0.0	33.68255305290222
67	0.0	0.0	33.87418460845947
68	0.0	0.0	34.035187005996704
69	0.0	0.0	34.33038806915283
70	0.0	0.0	34.47517395019531
71	0.0	0.0	34.65854287147522
72	0.0	0.0	35.10791206359863
73	0.0	0.0	35.26448655128479
74	0.0	0.0	35.4308705329895
75	0.0	0.0	35.595306396484375
76	0.0	0.0	35.86822438240051
77	0.0	0.0	36.04117131233215
78	0.0	0.0	36.33209443092346
79	0.0	0.0	36.54633951187134
80	0.0	0.0	37.03320670127869
81	0.0	0.0	37.21411681175232
82	0.0	0.0	38.22520899772644
83	0.0	0.0	39.49019455909729
84	0.0	0.0	39.755638122558594
85	0.0	0.0	41.047361850738525
86	0.0	0.0	41.228113412857056
87	0.0	0.0	41.395615577697754
88	0.0	0.0	41.542608976364136
89	0.0	0.0	42.97970962524414
90	0.0	0.0	44.411691188812256
91	0.0	0.0	44.6006977558136
92	0.0	0.0	45.84818077087402
93	0.0	0.0	46.01101303100586
94	0.0	0.0	46.28438067436218
95	0.0	0.0	46.52820658683777
96	0.0	0.0	46.98404669761658
97	0.0	0.0	47.20693325996399
98	0.0	0.0	47.38684320449829
99	0.0	0.0	47.58905386924744
100	0.0	0.0	47.89998245239258
101	0.0	0.0	49.40896940231323
102	0.0	0.0	49.93505120277405
103	0.0	0.0	50.142736196517944
104	0.0	0.0	50.32681679725647
105	0.0	0.0	50.54335355758667
106	0.0	0.0	50.85505223274231
107	0.0	0.0	51.039766788482666
108	0.0	0.0	51.29810166358948
109	0.0	0.0	51.49020981788635
110	0.0	0.0	51.665154695510864
111	0.0	0.0	51.825106620788574
112	0.0	0.0	53.126925230026245
113	0.0	0.0	53.30244326591492
114	0.0	0.0	53.553795337677
115	0.0	0.0	53.735740661621094
116	0.0	0.0	54.24835777282715
117	0.0	0.0	56.28131341934204
118	0.0	0.0	56.50687289237976
119	0.0	0.0	56.704740047454834
120	0.0	0.0	57.07936143875122
121	0.0	0.0	57.3647780418396
122	0.0	0.0	57.539605140686035
123	0.0	0.0	57.72172021865845
124	0.0	0.0	58.186079263687134
125	0.0	0.0	58.362321615219116
126	0.0	0.0	58.578415393829346
127	0.0	0.0	58.82265043258667
128	0.0	0.0	58.995211124420166
129	0.0	0.0	59.13227415084839
130	0.0	0.0	59.308732986450195
131	0.0	0.0	59.43891191482544
132	0.0	0.0	59.92658829689026
133	0.0	0.0	60.77151656150818
134	0.0	0.0	61.40260910987854
135	0.0	0.0	61.59551429748535
136	0.0	0.0	61.967095375061035
137	0.0	0.0	62.162370443344116
138	0.0	0.0	62.42525815963745
139	0.0	0.0	63.78258204460144
140	0.0	0.0	63.95859408378601
141	0.0	0.0	64.19999933242798
142	0.0	0.0	64.75836563110352
143	0.0	0.0	66.6543321609497
144	0.0	0.0	67.41163802146912
145	0.0	0.0	68.09978747367859
146	0.0	0.0	72.3607804775238
147	0.0	0.0	73.07187461853027
148	0.0	0.0	73.35173487663269
149	0.0	0.0	73.72634410858154
150	0.0	0.0	75.02303981781006
151	0.0	0.0	75.41092371940613
152	0.0	0.0	75.8139500617981
153	0.0	0.0	77.26695203781128
154	0.0	0.0	78.01871657371521
155	0.0	0.0	78.39080262184143
156	0.0	0.0	81.72361636161804
157	0.0	0.0	84.47525596618652
158	0.0	0.0	85.60409259796143
159	0.0	0.0	86.1099362373352
160	0.0	0.0	86.52081036567688
161	0.0	0.0	86.91147208213806
162	0.0	0.0	92.51397347450256
163	0.0	0.0	94.00397610664368
164	0.0	0.0	94.37886095046997
165	0.0	0.0	95.67761158943176
166	0.0	0.0	96.01950168609619
167	0.0	0.0	96.45274710655212
168	0.0	0.0	97.04558229446411
169	0.0	0.0	98.02424430847168
170	0.0	0.0	98.3636646270752
171	0.0	0.0	98.70157599449158
172	0.0	0.0	99.92502689361572
173	0.0	0.0	100.66303372383118
174	0.0	0.0	101.3583595752716
175	0.0	0.0	101.98392963409424
176	0.0	0.0	102.79222011566162
177	0.0	0.0	105.45935606956482
178	0.0	0.0	106.18113350868225
179	0.0	0.0	106.55301809310913
180	0.0	0.0	107.4997284412384
181	0.0	0.0	108.46443104743958
182	0.0	0.0	109.15921640396118
183	0.0	0.0	109.53909921646118
184	0.0	0.0	109.87000322341919
185	0.0	0.0	110.25819230079651
186	0.0	0.0	110.82244181632996
187	0.0	0.0	111.34727954864502
188	0.0	0.0	111.70836234092712
189	0.0	0.0	112.09524345397949
190	0.0	0.0	112.62539196014404
191	0.0	0.0	113.25718903541565
192	0.0	0.0	114.61577129364014
193	0.0	0.0	115.27486038208008
194	0.0	0.0	116.15657997131348
195	0.0	0.0	117.18344569206238
196	0.0	0.0	117.56734704971313
197	0.0	0.0	117.90775799751282
198	0.0	0.0	122.14962673187256
199	0.0	0.0	122.58069133758545
200	0.0	0.0	123.11238431930542
201	0.0	0.0	124.75309133529663
202	0.0	0.0	125.14297342300415
203	0.0	0.0	125.49166345596313
204	0.0	0.0	126.79844784736633
205	0.0	0.0	127.53038501739502
206	0.0	0.0	127.9894859790802
207	0.0	0.0	128.3756287097931
208	0.0	0.0	129.0090856552124
209	0.0	0.0	132.89148473739624
210	0.0	0.0	133.80150294303894
211	0.0	0.0	136.07531571388245
212	0.0	0.0	140.72326636314392
213	0.0	0.0	141.51885867118835
214	0.0	0.0	142.56651377677917
215	0.0	0.0	142.9346604347229
216	0.0	0.0	144.14350247383118
217	0.0	0.0	144.50616765022278
218	0.0	0.0	145.0440001487732
219	0.0	0.0	145.43252515792847
220	0.0	0.0	145.83381986618042
221	0.0	0.0	146.25648665428162
222	0.0	0.0	146.75876545906067
223	0.0	0.0	147.19962906837463
224	0.0	0.0	147.92992997169495
225	0.0	0.0	148.61634159088135
226	0.0	0.0	148.99519395828247
227	0.0	0.0	150.85846400260925
228	0.0	0.0	152.06160020828247
229	0.0	0.0	157.94029927253723
230	0.0	0.0	158.32223224639893
231	0.0	0.0	159.25737690925598
232	0.0	0.0	159.63928127288818
233	0.0	0.0	161.66431212425232
234	0.0	0.0	162.314355134964
235	0.0	0.0	162.58127355575562
236	0.0	0.0	163.72992396354675
237	0.0	0.0	164.37772464752197
238	0.0	0.0	166.15392994880676
239	0.0	0.0	167.0812714099884
240	0.0	0.0	167.64728546142578
241	0.0	0.0	168.61498856544495
242	0.0	0.0	169.0000696182251
243	0.0	0.0	170.5383906364441
244	0.0	0.0	170.81229710578918
245	0.0	0.0	171.6770317554474
246	0.0	0.0	172.2348597049713
247	0.0	0.0	173.9214951992035
248	0.0	0.0	175.43941593170166
249	0.0	0.0	175.86816501617432
250	0.0	0.0	176.28551626205444
