1	0.0	0.0	3.0391271114349365
2	0.0	0.0	5.402021646499634
3	0.0	0.0	5.637048006057739
4	0.0	0.0	5.7960028648376465
5	0.0	0.0	5.955921173095703
6	0.0	0.0	6.413974761962891
7	0.0	0.0	6.701548337936401
8	0.0	0.0	6.857088088989258
9	0.0	0.0	7.246022701263428
10	0.0	0.0	10.843065023422241
11	0.0	0.0	11.026408672332764
12	0.0	0.0	11.724427700042725
13	0.0	0.0	11.896998643875122
14	0.0	0.0	12.322723865509033
15	0.0	0.0	12.559615850448608
16	0.0	0.0	12.983913898468018
17	0.0	0.0	13.325096607208252
18	0.0	0.0	13.559823036193848
19	0.0	0.0	13.924817085266113
20	0.0	0.0	14.226453065872192
21	0.0	0.0	14.592217206954956
22	0.0	0.0	14.776864528656006
23	0.0	0.0	15.22471308708191
24	0.0	0.0	15.806543827056885
25	0.0	0.0	15.999531269073486
26	0.0	0.0	16.27010989189148
27	0.0	0.0	16.653501749038696
28	0.0	0.0	16.780983686447144
29	0.0	0.0	17.061412811279297
30	0.0	0.0	20.468432426452637
31	0.0	0.0	20.863810062408447
32	0.0	0.0	21.059518575668335
33	0.0	0.0	21.225670337677002
34	0.0	0.0	21.386988162994385
35	0.0	0.0	22.07456612586975
36	0.0	0.0	23.84727692604065
37	0.0	0.0	24.0322527885437
38	0.0	0.0	24.182493209838867
39	0.0	0.0	25.161004066467285
40	0.0	0.0	25.336833953857422
41	0.0	0.0	25.535968542099
42	0.0	0.0	25.78812074661255
43	0.0	0.0	26.08991837501526
44	0.0	0.0	26.247557878494263
45	0.0	0.0	29.011719226837158
46	0.0	0.0	29.19023847579956
47	0.0	0.0	29.376102924346924
48	0.0	0.0	30.089967966079712
49	0.0	0.0	30.8499538898468
50	0.0	0.0	31.013722896575928
51	0.0	0.0	31.20158338546753
52	0.0	0.0	31.387356519699097
53	0.0	0.0	31.60358190536499
54	0.0	0.0	32.67004418373108
55	0.0	0.0	32.88058257102966
56	0.0	0.0	33.02375030517578
57	0.0	0.0	33.19070339202881
58	0.0	0.0	33.44368124008179
59	0.0	0.0	33.875107288360596
60	0.0	0.0	34.673640966415405
61	0.0	0.0	34.85752725601196
62	0.0	0.0	35.26664066314697
63	0.0	0.0	35.44958448410034
64	0.0	0.0	35.58871078491211
65	0.0	0.0	35.7558810710907
66	0.0	0.0	37.16475462913513
67	0.0	0.0	37.36239838600159
68	0.0	0.0	37.59259486198425
69	0.0	0.0	37.76617169380188
70	0.0	0.0	37.996567249298096
71	0.0	0.0	38.35080862045288
72	0.0	0.0	38.74517583847046
73	0.0	0.0	39.362475872039795
74	0.0	0.0	40.32001066207886
75	0.0	0.0	41.00522422790527
76	0.0	0.0	41.183552742004395
77	0.0	0.0	41.431933641433716
78	0.0	0.0	41.66696548461914
79	0.0	0.0	42.52528405189514
80	0.0	0.0	42.690985441207886
81	0.0	0.0	42.8728141784668
82	0.0	0.0	43.02713680267334
83	0.0	0.0	43.17795276641846
84	0.0	0.0	43.43664050102234
85	0.0	0.0	43.70863890647888
86	0.0	0.0	43.92904543876648
87	0.0	0.0	44.25321674346924
88	0.0	0.0	44.441577672958374
89	0.0	0.0	44.629685163497925
90	0.0	0.0	48.791844844818115
91	0.0	0.0	48.941789865493774
92	0.0	0.0	49.46455526351929
93	0.0	0.0	49.66412591934204
94	0.0	0.0	49.82864212989807
95	0.0	0.0	49.99273419380188
96	0.0	0.0	50.461212396621704
97	0.0	0.0	51.01229977607727
98	0.0	0.0	51.332306146621704
99	0.0	0.0	51.4495062828064
100	0.0	0.0	51.6651873588562
101	0.0	0.0	51.79311442375183
102	0.0	0.0	52.010042905807495
103	0.0	0.0	52.24185013771057
104	0.0	0.0	53.48345494270325
105	0.0	0.0	53.73937940597534
106	0.0	0.0	54.14789152145386
107	0.0	0.0	54.96753215789795
108	0.0	0.0	55.21864628791809
109	0.0	0.0	56.643216609954834
110	0.0	0.0	56.8080050945282
111	0.0	0.0	57.02848958969116
112	0.0	0.0	57.19847774505615
113	0.0	0.0	57.807928800582886
114	0.0	0.0	58.01508402824402
115	0.0	0.0	58.22523522377014
116	0.0	0.0	58.49302315711975
117	0.0	0.0	61.43238592147827
118	0.0	0.0	61.77781343460083
119	0.0	0.0	61.96659016609192
120	0.0	0.0	62.174203872680664
121	0.0	0.0	62.56010603904724
122	0.0	0.0	63.20987129211426
123	0.0	0.0	63.74085545539856
124	0.0	0.0	63.921627044677734
125	0.0	0.0	64.06857633590698
126	0.0	0.0	64.40008497238159
127	0.0	0.0	67.15973043441772
128	0.0	0.0	74.78300905227661
129	0.0	0.0	78.64281392097473
130	0.0	0.0	79.0496346950531
131	0.0	0.0	82.0250301361084
132	0.0	0.0	82.60639238357544
133	0.0	0.0	84.35314655303955
134	0.0	0.0	84.74630665779114
135	0.0	0.0	85.1341872215271
136	0.0	0.0	85.6895911693573
137	0.0	0.0	86.87176656723022
138	0.0	0.0	88.69312810897827
139	0.0	0.0	89.0341420173645
140	0.0	0.0	89.42410373687744
141	0.0	0.0	92.02843594551086
142	0.0	0.0	93.01184177398682
143	0.0	0.0	93.95378875732422
144	0.0	0.0	95.69093298912048
145	0.0	0.0	96.04305148124695
146	0.0	0.0	98.67389822006226
147	0.0	0.0	99.10776472091675
148	0.0	0.0	102.79296946525574
149	0.0	0.0	103.44900178909302
150	0.0	0.0	104.04430937767029
151	0.0	0.0	104.39595794677734
152	0.0	0.0	104.8329565525055
153	0.0	0.0	105.96497106552124
154	0.0	0.0	110.43786072731018
155	0.0	0.0	111.99773526191711
156	0.0	0.0	113.04663228988647
157	0.0	0.0	113.48190140724182
158	0.0	0.0	113.83679914474487
159	0.0	0.0	120.41164565086365
160	0.0	0.0	121.92345666885376
161	0.0	0.0	123.2600450515747
162	0.0	0.0	123.79943799972534
163	0.0	0.0	126.44837546348572
164	0.0	0.0	126.72828984260559
165	0.0	0.0	127.0391948223114
166	0.0	0.0	127.91040897369385
167	0.0	0.0	128.23620557785034
168	0.0	0.0	130.6776466369629
169	0.0	0.0	131.03453612327576
170	0.0	0.0	131.44640970230103
171	0.0	0.0	132.00479125976562
172	0.0	0.0	132.60944151878357
173	0.0	0.0	133.41683340072632
174	0.0	0.0	134.01331520080566
175	0.0	0.0	135.09356331825256
176	0.0	0.0	137.68199801445007
177	0.0	0.0	138.56487154960632
178	0.0	0.0	140.7425765991211
179	0.0	0.0	141.45635628700256
180	0.0	0.0	147.1002471446991
181	0.0	0.0	147.4851279258728
182	0.0	0.0	148.64378023147583
183	0.0	0.0	150.02142524719238
184	0.0	0.0	151.18385577201843
185	0.0	0.0	151.5632553100586
186	0.0	0.0	155.26664090156555
187	0.0	0.0	155.61666202545166
188	0.0	0.0	155.91960620880127
189	0.0	0.0	157.57054495811462
190	0.0	0.0	158.79514598846436
191	0.0	0.0	159.28052687644958
192	0.0	0.0	159.89756679534912
193	0.0	0.0	161.81494855880737
194	0.0	0.0	162.65041732788086
195	0.0	0.0	163.63689756393433
196	0.0	0.0	164.31968021392822
197	0.0	0.0	164.85746455192566
198	0.0	0.0	165.3833019733429
199	0.0	0.0	165.97010040283203
200	0.0	0.0	166.3750228881836
201	0.0	0.0	166.77053689956665
202	0.0	0.0	168.58857583999634
203	0.0	0.0	169.51690077781677
204	0.0	0.0	171.4441282749176
205	0.0	0.0	172.0781798362732
206	0.0	0.0	172.81461572647095
207	0.0	0.0	173.26422882080078
208	0.0	0.0	174.03350615501404
209	0.0	0.0	174.49011254310608
210	0.0	0.0	175.1592140197754
211	0.0	0.0	176.8996877670288
212	0.0	0.0	178.2343852519989
213	0.0	0.0	178.617267370224
214	0.0	0.0	179.12065768241882
215	0.0	0.0	179.5865044593811
216	0.0	0.0	180.11634182929993
217	0.0	0.0	180.61418867111206
218	0.0	0.0	181.0070676803589
219	0.0	0.0	181.3071575164795
220	0.0	0.0	182.340478181839
221	0.0	0.0	182.76738142967224
222	0.0	0.0	183.50250029563904
223	0.0	0.0	184.28926134109497
224	0.0	0.0	185.9737160205841
225	0.0	0.0	186.36260175704956
226	0.0	0.0	186.91176319122314
227	0.0	0.0	187.4870262145996
228	0.0	0.0	188.38285732269287
229	0.0	0.0	191.42172837257385
230	0.0	0.0	193.59498000144958
231	0.0	0.0	194.38250041007996
232	0.0	0.0	194.74730372428894
233	0.0	0.0	195.14012050628662
234	0.0	0.0	195.711571931839
235	0.0	0.0	195.99147844314575
236	0.0	0.0	196.32538318634033
237	0.0	0.0	196.7448275089264
238	0.0	0.0	197.84303045272827
239	0.0	0.0	198.2582938671112
240	0.0	0.0	198.90567994117737
241	0.0	0.0	200.80639028549194
242	0.0	0.0	203.75947618484497
243	0.0	0.0	205.1470489501953
244	0.0	0.0	206.54085612297058
245	0.0	0.0	207.1672637462616
246	0.0	0.0	208.60822463035583
247	0.0	0.0	208.99909377098083
248	0.0	0.0	209.4119803905487
249	0.0	0.0	212.14064264297485
250	0.0	0.0	212.98238730430603
