1	11.0	11.0	3.8228378295898438
2	1.0	10.9	5.76121187210083
3	0.0	10.791	6.232006311416626
4	0.0	10.68309	6.7069292068481445
5	5.0	10.6262591	7.413627862930298
6	0.0	10.519996509	7.820812940597534
7	2.0	10.43479654391	8.347905158996582
8	0.0	10.3304485784709	8.810524463653564
9	1.0	10.23714409268619	9.209846019744873
10	0.0	10.134772651759327	9.636282920837402
11	1.0	10.043424925241734	10.126426458358765
12	2.0	9.962990675989316	10.567255020141602
13	0.0	9.863360769229422	10.899808406829834
14	4.0	9.804727161537127	11.465177774429321
15	4.0	9.746679889921754	12.142711162567139
16	0.0	9.649213091022537	12.579719543457031
17	2.0	9.57272096011231	13.057336330413818
18	0.0	9.476993750511188	13.49948763847351
19	0.0	9.382223813006076	13.958028078079224
20	1.0	9.298401574876015	14.451725959777832
21	8.0	9.285417559127255	15.358957052230835
22	0.0	9.192563383535983	15.701862335205078
23	0.0	9.100637749700624	16.196746587753296
24	0.0	9.009631372203618	16.589579343795776
25	0.0	8.919535058481582	16.95053505897522
26	0.0	8.830339707896766	17.414002180099487
27	0.0	8.742036310817797	17.85058045387268
28	1.0	8.664615947709619	18.324780702590942
29	0.0	8.577969788232522	18.66163969039917
30	0.0	8.492190090350197	19.11372971534729
31	2.0	8.427268189446695	19.621986389160156
32	0.0	8.342995507552228	20.04885745048523
33	2.0	8.279565552476706	20.478553771972656
34	0.0	8.196769896951938	20.902222156524658
35	2.0	8.134802197982419	21.470625638961792
36	3.0	8.083454176002594	22.127668619155884
37	2.0	8.022619634242567	22.55192732810974
38	0.0	7.942393437900141	22.99208688735962
39	0.0	7.86296950352114	23.419825553894043
40	0.0	7.784339808485928	23.854300260543823
41	7.0	7.776496410401069	24.625842332839966
42	0.0	7.698731446297058	25.036574363708496
43	0.0	7.621744131834088	25.544431924819946
44	0.0	7.545526690515747	25.993093252182007
45	0.0	7.47007142361059	26.32250165939331
46	0.0	7.395370709374484	26.782755136489868
47	5.0	7.371417002280739	27.60972547531128
48	0.0	7.297702832257932	28.03266954421997
49	0.0	7.224725803935352	28.381568431854248
50	0.0	7.152478545895999	28.851356506347656
51	0.0	7.080953760437039	29.29017686843872
52	0.0	7.010144222832668	29.724263668060303
53	4.0	6.980042780604341	30.32962465286255
54	0.0	6.9102423527982975	30.782354593276978
55	0.0	6.841139929270314	31.22858190536499
56	0.0	6.772728529977611	31.66561532020569
57	0.0	6.705001244677835	32.01497530937195
58	0.0	6.637951232231056	32.46958804130554
59	4.0	6.611571719908746	33.129106283187866
60	2.0	6.565456002709658	33.57884073257446
61	0.0	6.4998014426825605	33.93111610412598
62	0.0	6.4348034282557345	34.383479833602905
63	0.0	6.370455393973177	34.82518768310547
64	2.0	6.326750840033445	35.36261200904846
65	5.0	6.31348333163311	36.00166153907776
66	0.0	6.250348498316779	36.51591467857361
67	0.0	6.187845013333611	37.017683267593384
68	0.0	6.125966563200275	37.49731779098511
69	0.0	6.064706897568272	37.846177101135254
70	2.0	6.0240598285925895	38.39814209938049
71	0.0	5.9638192303066635	38.85448861122131
72	0.0	5.904181038003597	39.285879611968994
73	2.0	5.865139227623561	39.795034885406494
74	7.0	5.8764878353473256	40.76716732978821
75	0.0	5.817722956993852	41.05392551422119
76	0.0	5.759545727423913	41.560019731521606
77	0.0	5.701950270149674	41.91840696334839
78	1.0	5.654930767448177	42.31614565849304
79	1.0	5.608381459773695	42.69950747489929
80	0.0	5.552297645175958	43.21336793899536
81	1.0	5.506774668724199	43.63534712791443
82	0.0	5.451706922036957	44.034743785858154
83	1.0	5.407189852816587	44.329160928726196
84	0.0	5.353117954288421	44.76408553123474
85	0.0	5.299586774745537	45.13753294944763
86	0.0	5.246590906998081	45.58191227912903
87	0.0	5.194124997928101	46.02600717544556
88	0.0	5.1421837479488195	46.4594669342041
89	0.0	5.090761910469332	46.79948425292969
90	0.0	5.039854291364638	47.260613679885864
91	3.0	5.019455748450992	47.941455364227295
92	0.0	4.969261190966481	48.39074945449829
93	0.0	4.919568579056817	48.74525499343872
94	1.0	4.880372893266248	49.14663624763489
95	2.0	4.851569164333585	49.54799938201904
96	0.0	4.80305347269025	49.973570585250854
97	0.0	4.755022937963347	50.331305265426636
98	2.0	4.727472708583713	50.89782691001892
99	7.0	4.750197981497876	51.818870306015015
100	0.0	4.702696001682897	52.23261499404907
101	2.0	4.675669041666067	52.65948414802551
102	0.0	4.628912351249406	53.108182430267334
103	0.0	4.582623227736912	53.574546337127686
104	0.0	4.536796995459543	54.02985715866089
105	0.0	4.491429025504948	54.37562417984009
106	0.0	4.446514735249898	54.81849980354309
107	0.0	4.402049587897399	55.287736654281616
108	0.0	4.358029092018425	55.73587369918823
109	0.0	4.314448801098241	56.094704389572144
110	0.0	4.271304313087258	56.52825999259949
111	2.0	4.2485912699563855	57.082529067993164
112	7.0	4.276105357256822	58.11368250846863
113	0.0	4.2333443036842535	58.4642219543457
114	0.0	4.191010860647411	58.94239854812622
115	2.0	4.169100752040936	59.535359382629395
116	0.0	4.127409744520527	59.9609739780426
117	0.0	4.086135647075322	60.33885931968689
118	0.0	4.045274290604569	60.82810044288635
119	1.0	4.0148215476985225	61.337101459503174
120	0.0	3.974673332221537	61.77704119682312
121	0.0	3.9349265988993216	62.13372778892517
122	0.0	3.8955773329103285	62.577648878097534
123	0.0	3.856621559581225	63.05551481246948
124	3.0	3.8480553439854126	63.684783697128296
125	0.0	3.8095747905455584	64.03501653671265
126	0.0	3.771479042640103	64.49559164047241
127	2.0	3.753764252213702	65.05066299438477
128	0.0	3.7162266096915646	65.49837970733643
129	0.0	3.679064343594649	65.84547019004822
130	0.0	3.6422737001587024	66.29214072227478
131	0.0	3.605850963157115	67.26300358772278
132	3.0	3.5997924535255437	68.9154920578003
133	2.0	3.583794528990288	69.8569643497467
134	0.0	3.5479565837003855	70.86127614974976
135	3.0	3.5424770178633813	72.25247955322266
136	0.0	3.5070522476847477	73.20095920562744
137	8.0	3.5519817252079	74.94841122627258
138	0.0	3.516461907955821	75.99828362464905
139	0.0	3.4812972888762626	77.06521463394165
140	0.0	3.4464843159875	78.11812853813171
141	0.0	3.412019472827625	78.91031885147095
142	0.0	3.3778992780993486	79.91915917396545
143	3.0	3.3741202853183547	81.31256532669067
144	2.0	3.360379082465171	82.59644651412964
145	5.0	3.376775291640519	84.21162438392639
146	0.0	3.343007538724114	85.25320100784302
147	0.0	3.309577463336873	86.28218364715576
148	1.0	3.2864816887035038	87.9173572063446
149	3.0	3.2836168718164687	89.27318572998047
150	0.0	3.250780703098304	90.31245398521423
151	0.0	3.2182728960673206	91.3731279373169
152	3.0	3.216090167106647	93.68725109100342
153	0.0	3.1839292654355806	94.41471433639526
154	2.0	3.1720899727812246	95.76252770423889
155	0.0	3.1403690730534124	96.77714371681213
156	0.0	3.1089653823228782	97.84819030761719
157	1.0	3.0878757284996494	98.68325471878052
158	0.0	3.056996971214653	99.69560384750366
159	0.0	3.0264270015025065	100.89402723312378
160	0.0	2.9961627314874812	101.9169671535492
161	2.0	2.9862011041726064	102.89966464042664
162	6.0	3.0163390931308802	105.24356126785278
163	3.0	3.016175702199571	108.02038979530334
164	0.0	2.986013945177575	109.50201725959778
165	4.0	2.9961538057257995	110.70282125473022
166	0.0	2.9661922676685415	111.73340439796448
167	0.0	2.936530344991856	112.83806443214417
168	5.0	2.9571650415419373	115.14882063865662
169	3.0	2.9575933911265175	116.33767557144165
170	5.0	2.9780174572152522	117.78422951698303
171	3.0	2.9782372826430996	119.90027856826782
172	0.0	2.9484549098166686	121.26385879516602
173	0.0	2.918970360718502	122.03534317016602
174	0.0	2.889780657111317	123.11885046958923
175	2.0	2.8808828505402038	124.54622769355774
176	1.0	2.8620740220348013	125.72347068786621
177	1.0	2.843453281814453	126.58320617675781
178	0.0	2.8150187489963083	127.63170790672302
179	0.0	2.786868561506345	128.64800572395325
180	0.0	2.7589998758912815	129.73700165748596
181	5.0	2.7814098771323685	131.50966334342957
182	0.0	2.7535957783610447	132.1676745414734
183	0.0	2.7260598205774342	133.21777963638306
184	4.0	2.73879922237166	134.65633583068848
185	2.0	2.7314112301479434	135.59048104286194
186	0.0	2.704097117846464	136.69983100891113
187	0.0	2.6770561466679994	137.78195929527283
188	0.0	2.650285585201319	138.92064547538757
189	0.0	2.623782729349306	139.69542360305786
190	1.0	2.607544902055813	140.70456862449646
191	4.0	2.621469453035255	142.17173743247986
192	1.0	2.605254758504902	143.88856744766235
193	0.0	2.579202210919853	144.7059042453766
194	0.0	2.5534101888106546	145.73746418952942
195	2.0	2.547876086922548	147.198011636734
196	3.0	2.552397326053322	148.91387748718262
197	5.0	2.5768733527927887	150.18042302131653
198	0.0	2.5511046192648608	151.09014320373535
199	0.0	2.525593573072212	152.07875537872314
200	2.0	2.52033763734149	153.04858136177063
201	2.0	2.515134260968075	154.27501916885376
202	1.0	2.499982918358394	155.47599458694458
203	0.0	2.47498308917481	156.55447626113892
204	0.0	2.450233258283062	157.5884461402893
205	1.0	2.435730925700231	158.64473032951355
206	1.0	2.4213736164432285	159.8338029384613
207	11.0	2.507159880278796	164.03659868240356
208	0.0	2.4820882814760084	165.22638821601868
209	8.0	2.5372673986612484	167.1872842311859
210	3.0	2.5418947246746355	168.60641384124756
211	1.0	2.5264757774278888	170.37595558166504
212	1.0	2.5112110196536097	172.9036247730255
213	2.0	2.506098909457074	173.92401599884033
214	0.0	2.4810379203625033	175.04054927825928
215	1.0	2.466227541158878	176.39176082611084
216	2.0	2.4615652657472893	177.27131056785583
217	1.0	2.4469496130898163	178.13252639770508
218	0.0	2.4224801169589183	179.1394407749176
219	5.0	2.448255315789329	180.73113298416138
220	0.0	2.423772762631436	181.77280616760254
221	3.0	2.429535035005121	182.87852144241333
222	9.0	2.4952396846550697	185.9041965007782
223	0.0	2.470287287808519	186.92788100242615
224	0.0	2.4455844149304338	188.1456699371338
225	1.0	2.431128570781129	189.04358577728271
226	0.0	2.406817285073318	190.1622679233551
227	0.0	2.382749112222585	191.27210664749146
228	0.0	2.358921621100359	192.32378220558167
229	4.0	2.3753324048893556	193.6028814315796
230	0.0	2.351579080840462	194.67816424369812
231	0.0	2.3280632900320573	195.83201503753662
232	0.0	2.3047826571317365	196.86423873901367
233	6.0	2.3417348305604193	198.48318576812744
234	2.0	2.338317482254815	199.6904273033142
235	5.0	2.3649343074322666	204.67325830459595
236	0.0	2.341284964357944	205.7343258857727
237	1.0	2.3278721147143644	206.66147923469543
238	0.0	2.3045933935672207	207.80616188049316
239	1.0	2.2915474596315484	209.07820653915405
240	0.0	2.268631985035233	210.0698013305664
241	0.0	2.245945665184881	210.82368278503418
242	3.0	2.253486208533032	212.3510982990265
243	0.0	2.2309513464477013	213.42011523246765
244	0.0	2.2086418329832243	214.51194167137146
245	1.0	2.1965554146533917	215.3997037410736
246	0.0	2.174589860506858	216.47906184196472
247	2.0	2.172843961901789	218.1977035999298
248	0.0	2.151115522282771	219.2106876373291
249	2.0	2.1496043670599434	220.42035698890686
250	2.0	2.148108323389344	221.84602332115173
