1	5.0	5.0
2	1.0	4.96
3	8.0	4.9904
4	12.0	5.0604960000000005
5	1.0	5.01989104
6	4.0	5.0096921296
7	13.0	5.089595208304
8	3.0	5.0686992562209605
9	5.0	5.06801226365875
10	2.0	5.037332141022162
11	2.0	5.00695881961194
12	1.0	4.966889231415821
13	6.0	4.977220339101662
14	1.0	4.937448135710645
15	2.0	4.908073654353538
16	2.0	4.878992917810002
17	1.0	4.840202988631902
18	0.0	4.791800958745583
19	5.0	4.793882949158126
20	2.0	4.765944119666544
21	4.0	4.758284678469879
22	2.0	4.73070183168518
23	3.0	4.713394813368328
24	10.0	4.766260865234645
25	5.0	4.768598256582298
26	0.0	4.7209122740164755
27	2.0	4.69370315127631
28	6.0	4.706766119763547
29	0.0	4.659698458565911
30	4.0	4.653101473980252
31	7.0	4.67657045924045
32	2.0	4.649804754648045
33	0.0	4.603306707101565
34	4.0	4.597273640030549
35	7.0	4.621300903630243
36	3.0	4.605087894593941
37	0.0	4.559037015648002
38	3.0	4.543446645491522
39	2.0	4.518012179036607
40	2.0	4.49283205724624
41	3.0	4.4779037366737775
42	2.0	4.45312469930704
43	4.0	4.448593452313969
44	4.0	4.44410751779083
45	2.0	4.419666442612921
46	3.0	4.4054697781867915
47	1.0	4.371415080404923
48	2.0	4.347700929600874
49	2.0	4.324223920304865
50	3.0	4.310981681101817
51	3.0	4.297871864290799
52	6.0	4.314893145647891
53	0.0	4.271744214191412
54	1.0	4.239026772049498
55	5.0	4.246636504329003
56	2.0	4.224170139285713
57	4.0	4.221928437892855
58	3.0	4.209709153513927
59	2.0	4.187612061978787
60	1.0	4.155735941358999
61	4.0	4.154178581945409
62	6.0	4.172636796125954
63	2.0	4.1509104281646945
64	15.0	4.259401323883048
65	0.0	4.216807310644217
66	4.0	4.214639237537775
67	2.0	4.192492845162397
68	2.0	4.170567916710772
69	1.0	4.138862237543664
70	4.0	4.137473615168227
71	7.0	4.166098879016546
72	0.0	4.12443789022638
73	4.0	4.123193511324116
74	6.0	4.141961576210875
75	0.0	4.100541960448766
76	2.0	4.079536540844278
77	3.0	4.068741175435835
78	2.0	4.048053763681476
79	4.0	4.047573226044661
80	4.0	4.047097493784214
81	1.0	4.016626518846372
82	11.0	4.086460253657908
83	3.0	4.075595651121329
84	0.0	4.034839694610116
85	14.0	4.134491297664015
86	5.0	4.143146384687374
87	1.0	4.1117149208405
88	7.0	4.140597771632095
89	0.0	4.099191793915773
90	4.0	4.098199875976616
91	3.0	4.08721787721685
92	1.0	4.056345698444681
93	3.0	4.045782241460235
94	6.0	4.065324419045632
95	3.0	4.0546711748551765
96	2.0	4.034124463106624
97	4.0	4.033783218475558
98	6.0	4.053445386290802
99	6.0	4.072910932427893
100	7.0	4.1021818231036145
101	2.0	4.081160004872578
102	1.0	4.050348404823851
103	6.0	4.069844920775613
104	3.0	4.059146471567857
105	2.0	4.038555006852178
106	6.0	4.058169456783656
107	0.0	4.017587762215819
108	2.0	3.997411884593661
109	2.0	3.9774377657477245
110	2.0	3.957663388090247
111	5.0	3.9680867542093443
112	3.0	3.9584058866672507
113	3.0	3.948821827800578
114	1.0	3.919333609522572
115	6.0	3.940140273427346
116	3.0	3.9307388706930726
117	2.0	3.911431481986142
118	1.0	3.8823171671662804
119	3.0	3.8734939954946173
120	2.0	3.854759055539671
121	3.0	3.846211464984274
122	2.0	3.827749350334431
123	0.0	3.789471856831087
124	2.0	3.771577138262776
125	1.0	3.743861366880148
126	2.0	3.7264227532113465
127	1.0	3.6991585256792328
128	10.0	3.7621669404224405
129	2.0	3.744545271018216
130	6.0	3.7670998183080338
131	2.0	3.7494288201249533
132	4.0	3.7519345319237036
133	3.0	3.744415186604466
134	2.0	3.7269710347384213
135	4.0	3.729701324391037
136	2.0	3.7124043111471265
137	4.0	3.7152802680356554
138	1.0	3.6881274653552985
139	12.0	3.7712461907017456
140	1.0	3.743533728794728
141	2.0	3.7260983915067807
142	1.0	3.6988374075917125
143	1.0	3.671849033515795
144	2.0	3.655130543180637
145	3.0	3.6485792377488306
146	1.0	3.622093445371342
147	2.0	3.6058725109176284
148	3.0	3.599813785808452
149	3.0	3.593815647950367
150	0.0	3.557877491470863
151	4.0	3.5622987165561546
152	2.0	3.546675729390593
153	0.0	3.511208972096687
154	2.0	3.49609688237572
155	5.0	3.511135913551963
156	1.0	3.486024554416443
157	3.0	3.481164308872278
158	3.0	3.4763526657835553
159	2.0	3.46158913912572
160	6.0	3.4869732477344626
161	2.0	3.472103515257118
162	2.0	3.4573824801045467
163	6.0	3.482808655303501
164	0.0	3.447980568750466
165	2.0	3.4335007630629613
166	5.0	3.4491657554323316
167	1.0	3.424674097878008
168	1.0	3.4004273568992276
169	5.0	3.416423083330235
170	0.0	3.382258852496933
171	1.0	3.358436263971963
172	6.0	3.3848519013322433
173	7.0	3.4210033823189208
174	1.0	3.396793348495731
175	3.0	3.3928254150107735
176	6.0	3.418897160860666
177	2.0	3.404708189252059
178	5.0	3.4206611073595385
179	5.0	3.436454496285943
180	0.0	3.4020899513230836
181	7.0	3.4380690518098524
182	6.0	3.463688361291754
183	3.0	3.4590514776788366
184	5.0	3.474460962902048
185	6.0	3.4997163532730275
186	3.0	3.494719189740297
187	2.0	3.479771997842894
188	4.0	3.484974277864465
189	2.0	3.4701245350858203
190	4.0	3.475423289734962
191	2.0	3.460669056837612
192	1.0	3.436062366269236
193	9.0	3.4917017426065433
194	2.0	3.4767847251804778
195	6.0	3.502016877928673
196	1.0	3.476996709149386
197	1.0	3.452226742057892
198	2.0	3.437704474637313
199	4.0	3.4433274298909398
200	4.0	3.4488941555920305
201	5.0	3.46440521403611
202	2.0	3.449761161895749
203	1.0	3.425263550276791
204	0.0	3.391010914774023
205	4.0	3.3971008056262826
206	2.0	3.3831297975700196
207	2.0	3.3692984995943194
208	2.0	3.355605514598376
209	8.0	3.4020494594523925
210	1.0	3.3780289648578683
211	7.0	3.4142486752092895
212	0.0	3.3801061884571966
213	1.0	3.3563051265726243
214	1.0	3.3327420753068977
215	3.0	3.3294146545538283
216	0.0	3.29612050800829
217	5.0	3.3131593029282067
218	4.0	3.3200277098989246
219	0.0	3.286827432799935
220	2.0	3.2739591584719356
221	3.0	3.271219566887216
222	5.0	3.2885073712183437
223	5.0	3.30562229750616
224	2.0	3.2925660745310985
225	10.0	3.3596404137857876
226	1.0	3.3360440096479294
227	2.0	3.32268356955145
228	1.0	3.2994567338559353
229	3.0	3.296462166517376
230	2.0	3.283497544852202
231	6.0	3.31066256940368
232	4.0	3.3175559437096434
233	4.0	3.324380384272547
234	2.0	3.3111365804298214
235	6.0	3.338025214625523
236	2.0	3.324644962479268
237	3.0	3.321398512854475
238	5.0	3.33818452772593
239	1.0	3.3148026824486707
240	3.0	3.3116546556241837
241	1.0	3.2885381090679418
242	13.0	3.3856527279772624
243	1.0	3.3617962006974893
244	3.0	3.358178238690514
245	4.0	3.364596456303609
246	2.0	3.350950491740573
247	5.0	3.367440986823167
248	2.0	3.353766576954935
249	2.0	3.340228911185386
250	4.0	3.3468266220735323
