1	-21.0	-21.0	1.0667243003845215
2	-21.0	-21.0	2.029052972793579
3	-21.0	-21.0	2.981980085372925
4	-21.0	-21.0	3.9469032287597656
5	-21.0	-21.0	4.915876150131226
6	-21.0	-21.0	5.89716100692749
7	-21.0	-21.0	6.810213088989258
8	-21.0	-21.0	7.729410171508789
9	-21.0	-21.0	8.663774013519287
10	-21.0	-21.0	9.597503185272217
11	-21.0	-21.0	10.540953159332275
12	-21.0	-21.0	11.458779096603394
13	-21.0	-21.0	12.386447191238403
14	-21.0	-21.0	13.329470157623291
15	-21.0	-21.0	14.255906105041504
16	-21.0	-21.0	15.190047025680542
17	-21.0	-21.0	16.122283220291138
18	-21.0	-21.0	17.070325136184692
19	-21.0	-21.0	17.998516082763672
20	-21.0	-21.0	18.95756506919861
21	-21.0	-21.0	19.898593187332153
22	-21.0	-21.0	20.835067987442017
23	-21.0	-21.0	21.750139951705933
24	-21.0	-21.0	22.665951013565063
25	-21.0	-21.0	23.577935218811035
26	-21.0	-21.0	24.4948410987854
27	-21.0	-21.0	25.394272089004517
28	-21.0	-21.0	26.305288076400757
29	-21.0	-21.0	27.236724138259888
30	-21.0	-21.0	28.214555978775024
31	-21.0	-21.0	29.119858026504517
32	-21.0	-21.0	30.051672220230103
33	-21.0	-21.0	30.977606058120728
34	-21.0	-21.0	31.899128198623657
35	-21.0	-21.0	32.838327169418335
36	-21.0	-21.0	33.76104211807251
37	-21.0	-21.0	34.6922562122345
38	-21.0	-21.0	35.67449498176575
39	-21.0	-21.0	36.58915996551514
40	-21.0	-21.0	37.529563903808594
41	-21.0	-21.0	38.49398112297058
42	-21.0	-21.0	39.398465156555176
43	-21.0	-21.0	40.36222219467163
44	-21.0	-21.0	41.30049705505371
45	-21.0	-21.0	42.21112608909607
46	-21.0	-21.0	43.15038013458252
47	-21.0	-21.0	44.09114122390747
48	-21.0	-21.0	45.02465224266052
49	-21.0	-21.0	45.96444392204285
50	-21.0	-21.0	46.905768156051636
51	-21.0	-21.0	47.844099283218384
52	-21.0	-21.0	48.78623414039612
53	-21.0	-21.0	49.71019196510315
54	-21.0	-21.0	50.63928198814392
55	-21.0	-21.0	51.573806285858154
56	-21.0	-21.0	52.49541211128235
57	-21.0	-21.0	53.44352912902832
58	-21.0	-21.0	54.38379502296448
59	-21.0	-21.0	55.30052733421326
60	-21.0	-21.0	56.23352813720703
61	-21.0	-21.0	57.136526107788086
62	-21.0	-21.0	58.05370116233826
63	-21.0	-21.0	58.98411822319031
64	-21.0	-21.0	59.91402816772461
65	-21.0	-21.0	60.83648610115051
66	-21.0	-21.0	61.76458716392517
67	-21.0	-21.0	62.68735432624817
68	-21.0	-21.0	63.63467502593994
69	-21.0	-21.0	64.54794025421143
70	-21.0	-21.0	65.47480916976929
71	-21.0	-21.0	66.43027424812317
72	-21.0	-21.0	67.34255003929138
73	-21.0	-21.0	68.2610399723053
74	-21.0	-21.0	69.16898202896118
75	-21.0	-21.0	70.08886504173279
76	-21.0	-21.0	71.01259708404541
77	-21.0	-21.0	71.93407320976257
78	-21.0	-21.0	72.86586308479309
79	-21.0	-21.0	73.76656413078308
80	-21.0	-21.0	74.70312404632568
81	-21.0	-21.0	75.61583495140076
82	-21.0	-21.0	76.54028606414795
83	-21.0	-21.0	77.4497082233429
84	-21.0	-21.0	78.37125420570374
85	-21.0	-21.0	79.29609513282776
86	-21.0	-21.0	80.24887299537659
87	-21.0	-21.0	81.1532690525055
88	-21.0	-21.0	82.09267520904541
89	-21.0	-21.0	83.00432419776917
90	-21.0	-21.0	83.9607081413269
91	-21.0	-21.0	84.87073516845703
92	-21.0	-21.0	85.82326889038086
93	-21.0	-21.0	86.74030494689941
94	-21.0	-21.0	87.67364406585693
95	-21.0	-21.0	88.59539008140564
96	-21.0	-21.0	89.52915406227112
97	-21.0	-21.0	90.45058012008667
98	-21.0	-21.0	91.3786129951477
99	-21.0	-21.0	92.31168532371521
100	-21.0	-21.0	93.28514409065247
101	-21.0	-21.0	94.26506614685059
102	-21.0	-21.0	95.19337725639343
103	-21.0	-21.0	96.10939598083496
104	-21.0	-21.0	97.04694104194641
105	-21.0	-21.0	97.98369812965393
106	-21.0	-21.0	98.92946314811707
107	-21.0	-21.0	99.85596299171448
108	-21.0	-21.0	100.7957489490509
109	-21.0	-21.0	101.72779297828674
110	-21.0	-21.0	102.6834089756012
111	-21.0	-21.0	103.60983109474182
112	-21.0	-21.0	104.5436270236969
113	-21.0	-21.0	105.48083305358887
114	-21.0	-21.0	106.41598701477051
115	-21.0	-21.0	107.34699392318726
116	-21.0	-21.0	108.2845242023468
117	-21.0	-21.0	109.21919417381287
118	-21.0	-21.0	110.14345026016235
119	-21.0	-21.0	111.06113600730896
120	-21.0	-21.0	111.99497199058533
121	-21.0	-21.0	112.91001033782959
122	-21.0	-21.0	113.82899522781372
123	-21.0	-21.0	114.74950814247131
124	-21.0	-21.0	115.66706204414368
125	-21.0	-21.0	116.57496213912964
126	-21.0	-21.0	117.5046169757843
127	-21.0	-21.0	118.42967009544373
128	-21.0	-21.0	119.3527021408081
129	-21.0	-21.0	120.26610112190247
130	-21.0	-21.0	121.19686818122864
131	-21.0	-21.0	122.12793016433716
132	-21.0	-21.0	123.0429949760437
133	-21.0	-21.0	123.9561550617218
134	-21.0	-21.0	124.86120295524597
135	-21.0	-21.0	125.77675914764404
136	-21.0	-21.0	126.70967817306519
137	-21.0	-21.0	127.62082004547119
138	-21.0	-21.0	128.54079699516296
139	-21.0	-21.0	129.45224404335022
140	-21.0	-21.0	130.3801610469818
141	-21.0	-21.0	131.31970691680908
142	-21.0	-21.0	132.24434614181519
143	-21.0	-21.0	133.16006922721863
144	-21.0	-21.0	134.06655311584473
145	-21.0	-21.0	135.02807092666626
146	-21.0	-21.0	135.92724609375
147	-21.0	-21.0	136.85773921012878
148	-21.0	-21.0	137.75750994682312
149	-21.0	-21.0	138.68365216255188
150	-21.0	-21.0	139.65663123130798
151	-21.0	-21.0	140.5699589252472
152	-21.0	-21.0	141.49535012245178
153	-21.0	-21.0	142.43038392066956
154	-21.0	-21.0	143.3457260131836
155	-21.0	-21.0	144.25301504135132
156	-21.0	-21.0	145.1583161354065
157	-21.0	-21.0	146.0828559398651
158	-21.0	-21.0	147.0104479789734
159	-21.0	-21.0	147.92867422103882
160	-21.0	-21.0	148.87203693389893
161	-21.0	-21.0	149.78855419158936
162	-21.0	-21.0	150.7173252105713
163	-21.0	-21.0	151.6403021812439
164	-21.0	-21.0	152.56419706344604
165	-21.0	-21.0	153.48224210739136
166	-21.0	-21.0	154.38607597351074
167	-21.0	-21.0	155.30709505081177
168	-21.0	-21.0	156.22117114067078
169	-21.0	-21.0	157.13362002372742
170	-21.0	-21.0	158.0562949180603
171	-21.0	-21.0	158.98857307434082
172	-21.0	-21.0	159.90148425102234
173	-21.0	-21.0	160.82774710655212
174	-21.0	-21.0	161.73567914962769
175	-21.0	-21.0	162.654452085495
176	-21.0	-21.0	163.57428002357483
177	-21.0	-21.0	164.48881602287292
178	-21.0	-21.0	165.39768409729004
179	-21.0	-21.0	166.3038830757141
180	-21.0	-21.0	167.2335090637207
181	-21.0	-21.0	168.14170718193054
182	-21.0	-21.0	169.10447812080383
183	-21.0	-21.0	170.00349307060242
184	-21.0	-21.0	170.9292631149292
185	-21.0	-21.0	171.8445179462433
186	-21.0	-21.0	172.7914960384369
187	-21.0	-21.0	173.68886709213257
188	-21.0	-21.0	174.6132411956787
189	-21.0	-21.0	175.51720094680786
190	-21.0	-21.0	176.43506813049316
191	-21.0	-21.0	177.35069799423218
192	-21.0	-21.0	178.26400113105774
193	-21.0	-21.0	179.19120907783508
194	-21.0	-21.0	180.10559797286987
195	-21.0	-21.0	181.0227541923523
196	-21.0	-21.0	181.9359951019287
197	-21.0	-21.0	182.85129022598267
198	-21.0	-21.0	183.77338123321533
199	-21.0	-21.0	184.6929669380188
200	-21.0	-21.0	185.62247610092163
201	-21.0	-21.0	186.55197715759277
202	-21.0	-21.0	187.4511570930481
203	-21.0	-21.0	188.3659861087799
204	-21.0	-21.0	189.28183913230896
205	-21.0	-21.0	190.1891520023346
206	-21.0	-21.0	191.101459980011
207	-21.0	-21.0	192.03631496429443
208	-21.0	-21.0	192.973051071167
209	-21.0	-21.0	193.88320016860962
210	-21.0	-21.0	194.82516622543335
211	-21.0	-21.0	195.73293709754944
212	-21.0	-21.0	196.66749215126038
213	-21.0	-21.0	197.57846307754517
214	-21.0	-21.0	198.48857307434082
215	-21.0	-21.0	199.4220471382141
216	-21.0	-21.0	200.335862159729
217	-21.0	-21.0	201.2484781742096
218	-21.0	-21.0	202.21209907531738
219	-21.0	-21.0	203.12817215919495
220	-21.0	-21.0	204.07472324371338
221	-21.0	-21.0	204.9935281276703
222	-21.0	-21.0	205.8943910598755
223	-21.0	-21.0	206.81713700294495
224	-21.0	-21.0	207.73775434494019
225	-21.0	-21.0	208.66274428367615
226	-21.0	-21.0	209.58115792274475
227	-21.0	-21.0	210.49852228164673
228	-21.0	-21.0	211.4224410057068
229	-21.0	-21.0	212.347510099411
230	-21.0	-21.0	213.26614904403687
231	-21.0	-21.0	214.18495225906372
232	-21.0	-21.0	215.09438109397888
233	-21.0	-21.0	216.01792430877686
234	-21.0	-21.0	216.93497395515442
235	-21.0	-21.0	217.85340809822083
236	-21.0	-21.0	218.7645981311798
237	-21.0	-21.0	219.67999601364136
238	-21.0	-21.0	220.5875699520111
239	-21.0	-21.0	221.51321506500244
240	-21.0	-21.0	222.43914413452148
241	-21.0	-21.0	223.36236310005188
242	-21.0	-21.0	224.2717089653015
243	-21.0	-21.0	225.21499824523926
244	-21.0	-21.0	226.1217701435089
245	-21.0	-21.0	227.06257915496826
246	-21.0	-21.0	227.98193430900574
247	-21.0	-21.0	228.9026141166687
248	-21.0	-21.0	229.82198524475098
249	-21.0	-21.0	230.76048588752747
250	-21.0	-21.0	231.68595910072327
251	-21.0	-21.0	232.60246205329895
252	-21.0	-21.0	233.5057532787323
253	-21.0	-21.0	234.42537808418274
254	-21.0	-21.0	235.33149909973145
255	-21.0	-21.0	236.2673659324646
256	-21.0	-21.0	237.16588497161865
257	-21.0	-21.0	238.08345198631287
258	-21.0	-21.0	238.99117016792297
259	-21.0	-21.0	239.89731693267822
260	-21.0	-21.0	240.8309199810028
261	-21.0	-21.0	241.72781491279602
262	-21.0	-21.0	242.64952611923218
263	-21.0	-21.0	243.5637230873108
264	-21.0	-21.0	244.47745323181152
265	-21.0	-21.0	245.38715410232544
266	-21.0	-21.0	246.30241012573242
267	-21.0	-21.0	247.21850204467773
268	-21.0	-21.0	248.15746688842773
269	-21.0	-21.0	249.06152725219727
270	-21.0	-21.0	249.98656702041626
271	-21.0	-21.0	250.90489721298218
272	-21.0	-21.0	251.82017421722412
273	-21.0	-21.0	252.75036716461182
274	-21.0	-21.0	253.67324924468994
275	-21.0	-21.0	254.59910988807678
276	-21.0	-21.0	255.50753593444824
277	-21.0	-21.0	256.42153310775757
278	-21.0	-21.0	257.3271520137787
279	-21.0	-21.0	258.23694610595703
280	-21.0	-21.0	259.1746611595154
281	-21.0	-21.0	260.0899200439453
282	-21.0	-21.0	260.98762702941895
283	-21.0	-21.0	261.93620204925537
284	-21.0	-21.0	262.84779500961304
285	-21.0	-21.0	263.7778470516205
286	-21.0	-21.0	264.68586921691895
287	-21.0	-21.0	265.62642216682434
288	-21.0	-21.0	266.5333321094513
289	-21.0	-21.0	267.45586705207825
290	-21.0	-21.0	268.3653872013092
291	-21.0	-21.0	269.2994182109833
292	-21.0	-21.0	270.2493920326233
293	-21.0	-21.0	271.1662139892578
294	-21.0	-21.0	272.07585525512695
295	-21.0	-21.0	273.000079870224
296	-21.0	-21.0	273.9491620063782
297	-21.0	-21.0	274.8616421222687
298	-21.0	-21.0	275.78007912635803
299	-21.0	-21.0	276.7002282142639
300	-21.0	-21.0	277.65069913864136
301	-21.0	-21.0	278.5684690475464
302	-21.0	-21.0	279.5024561882019
303	-21.0	-21.0	280.4188952445984
304	-21.0	-21.0	281.3282780647278
305	-21.0	-21.0	282.2421221733093
306	-21.0	-21.0	283.1659390926361
307	-21.0	-21.0	284.07887411117554
308	-21.0	-21.0	285.00722002983093
309	-21.0	-21.0	285.9182810783386
310	-21.0	-21.0	286.8478322029114
311	-21.0	-21.0	287.760537147522
312	-21.0	-21.0	288.6716239452362
313	-21.0	-21.0	289.6130681037903
314	-21.0	-21.0	290.523206949234
315	-21.0	-21.0	291.43502593040466
316	-21.0	-21.0	292.3365819454193
317	-21.0	-21.0	293.241934299469
318	-21.0	-21.0	294.1491322517395
319	-21.0	-21.0	295.06085109710693
320	-21.0	-21.0	295.9914581775665
321	-21.0	-21.0	296.90013122558594
322	-21.0	-21.0	297.814759016037
323	-21.0	-21.0	298.7312572002411
324	-21.0	-21.0	299.63948011398315
325	-21.0	-21.0	300.552383184433
326	-20.0	-20.99	301.63219809532166
327	-21.0	-20.990099999999998	302.55403208732605
328	-21.0	-20.990199	303.4671540260315
329	-21.0	-20.990297010000003	304.39547204971313
330	-21.0	-20.990394039900004	305.3223011493683
331	-21.0	-20.990490099501002	306.2420320510864
332	-21.0	-20.990585198505993	307.14460611343384
333	-21.0	-20.990679346520935	308.06482911109924
334	-21.0	-20.990772553055727	308.97535014152527
335	-21.0	-20.990864827525172	309.8833432197571
336	-21.0	-20.99095617924992	310.80113530158997
337	-21.0	-20.99104661745742	311.70861315727234
338	-21.0	-20.99113615128285	312.6422452926636
339	-21.0	-20.99122478977002	313.55808424949646
340	-21.0	-20.99131254187232	314.485906124115
341	-21.0	-20.991399416453596	315.3967230319977
342	-21.0	-20.99148542228906	316.3209481239319
343	-21.0	-20.99157056806617	317.233026266098
344	-21.0	-20.99165486238551	318.1631941795349
345	-18.0	-20.961738313761654	319.4976782798767
346	-21.0	-20.96212093062404	320.41579818725586
347	-21.0	-20.962499721317798	321.32209515571594
348	-21.0	-20.96287472410462	322.2395462989807
349	-21.0	-20.963245976863572	323.1829671859741
350	-21.0	-20.963613517094938	324.10749220848083
351	-21.0	-20.96397738192399	325.0244460105896
352	-21.0	-20.96433760810475	325.9442551136017
353	-21.0	-20.964694232023703	326.8770821094513
354	-21.0	-20.965047289703467	327.79716300964355
355	-21.0	-20.965396816806432	328.7128891944885
356	-21.0	-20.965742848638367	329.63104796409607
357	-21.0	-20.966085420151984	330.54889607429504
358	-21.0	-20.966424565950465	331.4898838996887
359	-21.0	-20.966760320290962	332.40162801742554
360	-21.0	-20.967092717088054	333.3413619995117
361	-5.0	-20.807421789917175	336.1381199359894
362	-21.0	-20.809347572018005	337.0727570056915
363	-21.0	-20.811254096297827	338.0056371688843
364	-21.0	-20.813141555334848	338.9162931442261
365	-21.0	-20.8150101397815	339.8210949897766
366	-21.0	-20.816860038383684	340.7362530231476
367	-21.0	-20.81869143799985	341.6538619995117
368	-21.0	-20.820504523619853	342.5541331768036
369	-21.0	-20.822299478383655	343.48332118988037
370	-21.0	-20.82407648359982	344.4101231098175
371	-21.0	-20.825835718763823	345.33798003196716
372	-21.0	-20.827577361576186	346.2524070739746
373	-21.0	-20.829301587960426	347.16984009742737
374	-21.0	-20.831008572080822	348.08229517936707
375	-21.0	-20.832698486360016	349.0251610279083
376	-21.0	-20.834371501496417	349.93121695518494
377	-21.0	-20.836027786481452	350.84799814224243
378	-4.0	-20.667667508616635	353.74098110198975
379	-21.0	-20.670990833530468	354.6558880805969
380	-21.0	-20.674280925195163	355.583701133728
381	-21.0	-20.67753811594321	356.509211063385
382	-21.0	-20.68076273478378	357.41333627700806
383	-21.0	-20.683955107435942	358.33262610435486
384	-21.0	-20.687115556361583	359.2348470687866
385	-21.0	-20.69024440079797	360.1621630191803
386	-21.0	-20.69334195678999	361.064532995224
387	-21.0	-20.69640853722209	361.9746301174164
388	-21.0	-20.69944445184987	362.8816862106323
389	-21.0	-20.70245000733137	363.8077940940857
390	-21.0	-20.70542550725806	364.7472631931305
391	-1.0	-20.50837125218548	368.0258629322052
392	-21.0	-20.513287539663626	368.9478690624237
393	-21.0	-20.51815466426699	369.8609631061554
394	-21.0	-20.52297311762432	370.7716372013092
395	-21.0	-20.52774338644808	371.6786620616913
396	-21.0	-20.5324659525836	372.6053750514984
397	-21.0	-20.537141293057765	373.53744316101074
398	-21.0	-20.541769880127188	374.45641016960144
399	-21.0	-20.546352181325915	375.36938309669495
400	-21.0	-20.550888659512655	376.302757024765
401	-21.0	-20.55537977291753	377.21277022361755
402	-21.0	-20.559825975188353	378.13081097602844
403	-21.0	-20.56422771543647	379.0717179775238
404	-2.0	-20.378585438282105	382.1846852302551
405	-21.0	-20.384799583899284	383.1245491504669
406	-21.0	-20.390951588060293	384.05247712135315
407	-21.0	-20.39704207217969	384.9585690498352
408	-21.0	-20.403071651457893	385.8743712902069
409	-21.0	-20.409040934943313	386.7816951274872
410	-21.0	-20.41495052559388	387.7102780342102
411	-21.0	-20.420801020337944	388.62505292892456
412	-21.0	-20.426593010134564	389.5702610015869
413	-21.0	-20.432327080033218	390.4758222103119
414	-1.0	-20.238003809232886	393.72384428977966
415	-21.0	-20.245623771140558	394.65222215652466
416	-21.0	-20.253167533429153	395.58513712882996
417	-21.0	-20.26063585809486	396.50714135169983
418	-1.0	-20.068029499513916	399.7636282444
419	-21.0	-20.07734920451878	400.68440294265747
420	-21.0	-20.086575712473593	401.6284680366516
421	-21.0	-20.09570995534886	402.54665207862854
422	-21.0	-20.104752855795372	403.47974824905396
423	-21.0	-20.11370532723742	404.3894762992859
424	-21.0	-20.122568273965044	405.33089423179626
425	-21.0	-20.131342591225394	406.2335240840912
426	-21.0	-20.14002916531314	407.16635823249817
427	-21.0	-20.14862887366001	408.0822250843048
428	-21.0	-20.15714258492341	409.03722405433655
429	-21.0	-20.165571159074176	409.95812797546387
430	-21.0	-20.173915447483434	410.8800640106201
431	-21.0	-20.182176293008602	411.78797006607056
432	-21.0	-20.190354530078515	412.7181272506714
433	-21.0	-20.198450984777732	413.64453196525574
434	-21.0	-20.206466474929957	414.56960916519165
435	-21.0	-20.214401810180657	415.4996781349182
436	-21.0	-20.222257792078853	416.42868304252625
437	-21.0	-20.230035214158065	417.34183502197266
438	-21.0	-20.237734862016485	418.25721406936646
439	-1.0	-20.045357513396322	421.5466561317444
440	-21.0	-20.05490393826236	422.48580718040466
441	-21.0	-20.06435489887974	423.41478514671326
442	-21.0	-20.073711349890942	424.3270981311798
443	-21.0	-20.082974236392033	425.26448607444763
444	-21.0	-20.092144494028112	426.1893701553345
445	-21.0	-20.10122304908783	427.1318233013153
446	-21.0	-20.110210818596954	428.02863812446594
447	-21.0	-20.119108710410984	428.97298526763916
448	-21.0	-20.127917623306875	429.899316072464
449	-21.0	-20.136638447073807	430.8083462715149
450	-21.0	-20.14527206260307	431.7293179035187
451	-21.0	-20.15381934197704	432.64585518836975
452	-21.0	-20.16228114855727	433.5979561805725
453	-21.0	-20.170658337071696	434.5163540840149
454	-21.0	-20.17895175370098	435.4315881729126
455	-21.0	-20.18716223616397	436.352655172348
456	-21.0	-20.19529061380233	437.27669620513916
457	-21.0	-20.20333770766431	438.19749999046326
458	-21.0	-20.21130433058767	439.14364290237427
459	-21.0	-20.21919128728179	440.0713701248169
460	-21.0	-20.226999374408976	441.01254200935364
461	-2.0	-20.044729380664887	444.20164799690247
462	-21.0	-20.054282086858237	445.133013010025
463	-21.0	-20.063739265989653	446.07036113739014
464	-21.0	-20.073101873329758	446.9965891838074
465	-1.0	-19.882370854596463	450.2903072834015
466	-21.0	-19.893547146050498	451.2131872177124
467	-21.0	-19.904611674589994	452.1350381374359
468	-21.0	-19.915565557844094	453.07757019996643
469	-21.0	-19.926409902265654	454.00995993614197
470	-21.0	-19.937145803243	454.93541717529297
471	-21.0	-19.94777434521057	455.8650619983673
472	-21.0	-19.958296601758462	456.7979300022125
473	-21.0	-19.96871363574088	457.72909712791443
474	-21.0	-19.979026499383473	458.6626751422882
475	-21.0	-19.98923623438964	459.5738823413849
476	-21.0	-19.999343872045745	460.5007572174072
477	-21.0	-20.009350433325288	461.418977022171
478	-21.0	-20.019256928992036	462.34977412223816
479	-21.0	-20.029064359702115	463.25876903533936
480	-21.0	-20.038773716105094	464.2051782608032
481	-21.0	-20.048385978944044	465.1207911968231
482	-21.0	-20.057902119154605	466.0445761680603
483	-21.0	-20.067323097963058	466.9929699897766
484	-21.0	-20.076649866983427	467.8978409767151
485	-21.0	-20.085883368313592	468.83173418045044
486	-21.0	-20.095024534630458	469.7308843135834
487	-21.0	-20.104074289284153	470.64427614212036
488	-21.0	-20.11303354639131	471.55594301223755
489	-21.0	-20.1219032109274	472.48837995529175
490	-21.0	-20.130684178818125	473.4167971611023
491	-21.0	-20.139377337029945	474.33930826187134
492	-21.0	-20.147983563659647	475.2805771827698
493	-21.0	-20.15650372802305	476.1949760913849
494	-21.0	-20.164938690742822	477.0987069606781
495	-21.0	-20.173289303835396	478.012047290802
496	-21.0	-20.181556410797043	478.9345049858093
497	-21.0	-20.189740846689073	479.84631419181824
498	-21.0	-20.197843438222183	480.7696490287781
499	-21.0	-20.20586500383996	481.67714619636536
500	-21.0	-20.213806353801562	482.6123740673065
