1	-21.0	-21.0	1.128662109375
2	-21.0	-21.0	2.125058174133301
3	-21.0	-21.0	3.1007649898529053
4	-21.0	-21.0	4.081705093383789
5	-21.0	-21.0	5.111457109451294
6	-21.0	-21.0	6.152946949005127
7	-21.0	-21.0	7.167363882064819
8	-21.0	-21.0	8.16890811920166
9	-21.0	-21.0	9.170610904693604
10	-21.0	-21.0	10.173262119293213
11	-21.0	-21.0	11.34081482887268
12	-21.0	-21.0	12.570719957351685
13	-21.0	-21.0	13.597687005996704
14	-20.0	-20.99	15.365454912185669
15	-21.0	-20.990099999999998	16.692845106124878
16	-21.0	-20.990199	17.920126914978027
17	-21.0	-20.990297010000003	18.955366849899292
18	-21.0	-20.990394039900004	19.95963191986084
19	-21.0	-20.990490099501002	20.93158507347107
20	-20.0	-20.98058519850599	22.44297695159912
21	-21.0	-20.980779346520933	23.72688317298889
22	-21.0	-20.980971553055724	25.097591161727905
23	-21.0	-20.981161837525168	26.231511116027832
24	-21.0	-20.981350219149917	27.665509939193726
25	-20.0	-20.97153671695842	29.03070592880249
26	-20.0	-20.961821349788835	31.16263508796692
27	-21.0	-20.96220313629095	32.304941177368164
28	-21.0	-20.96258110492804	33.34477114677429
29	-21.0	-20.96295529387876	34.779090881347656
30	-21.0	-20.963325740939972	36.01436114311218
31	-20.0	-20.95369248353057	37.72688102722168
32	-20.0	-20.944155558695265	39.379843950271606
33	-20.0	-20.93471400310831	40.65437293052673
34	-21.0	-20.935366863077228	41.95930814743042
35	-20.0	-20.926013194446455	43.118393898010254
36	-20.0	-20.91675306250199	44.37135314941406
37	-20.0	-20.90758553187697	45.46128797531128
38	-21.0	-20.9085096765582	47.263123989105225
39	-20.0	-20.899424579792615	48.715802907943726
40	-19.0	-20.880430333994692	50.41854119300842
41	-18.0	-20.851626030654746	52.16308617591858
42	-19.0	-20.833109770348198	53.914830923080444
43	-18.0	-20.804778672644716	55.543641090393066
44	-17.0	-20.76673088591827	57.87013292312622
45	-19.0	-20.74906357705909	59.23247313499451
46	-16.0	-20.7015729412885	61.4280469417572
47	-16.0	-20.654557211875616	63.411141872406006
48	-20.0	-20.64801163975686	64.89128303527832
49	-18.0	-20.62153152335929	66.79540395736694
50	-19.0	-20.6053162081257	69.14786887168884
51	-17.0	-20.569263046044444	70.94217491149902
52	-20.0	-20.563570415584	72.5990080833435
53	-17.0	-20.527934711428163	74.61092519760132
54	-15.0	-20.47265536431388	76.79118204116821
55	-18.0	-20.447928810670742	78.74542593955994
56	-21.0	-20.453449522564036	80.97151494026184
57	-14.0	-20.388915027338395	83.34956908226013
58	-17.0	-20.355025877065014	85.5541729927063
59	-20.0	-20.351475618294362	87.2104959487915
60	-17.0	-20.31796086211142	89.23860311508179
61	-17.0	-20.28478125349031	90.97894883155823
62	-15.0	-20.231933440955405	93.06024813652039
63	-19.0	-20.21961410654585	94.6437439918518
64	-15.0	-20.16741796548039	96.72663187980652
65	-15.0	-20.115743785825583	99.30626106262207
66	-17.0	-20.084586347967328	101.23953413963318
67	-15.0	-20.03374048448765	103.66258096694946
68	-16.0	-19.993403079642775	105.72194695472717
69	-15.0	-19.943469048846346	107.81595802307129
70	-20.0	-19.944034358357882	109.29199385643005
71	-17.0	-19.914594014774305	111.56297302246094
72	-19.0	-19.905448074626563	113.62318801879883
73	-15.0	-19.856393593880295	115.50573110580444
74	-19.0	-19.847829657941492	117.72367691993713
75	-14.0	-19.789351361362076	120.12540912628174
76	-18.0	-19.771457847748454	121.89848303794861
77	-16.0	-19.73374326927097	124.69884705543518
78	-16.0	-19.69640583657826	126.9170069694519
79	-16.0	-19.65944177821248	128.93826413154602
80	-20.0	-19.66284736043035	130.41531896591187
81	-15.0	-19.616218886826047	132.6316339969635
82	-17.0	-19.590056697957788	134.96220898628235
83	-16.0	-19.55415613097821	137.08465600013733
84	-15.0	-19.508614569668428	139.65042304992676
85	-17.0	-19.483528423971745	142.44128704071045
86	-18.0	-19.468693139732025	144.6594979763031
87	-16.0	-19.434006208334704	147.53162813186646
88	-19.0	-19.429666146251357	149.29878401756287
89	-14.0	-19.375369484788845	151.50137090682983
90	-16.0	-19.341615789940956	153.5923662185669
91	-19.0	-19.338199632041547	155.9645471572876
92	-16.0	-19.304817635721133	158.09057784080505
93	-15.0	-19.26176945936392	161.02938294410706
94	-18.0	-19.24915176477028	163.22578477859497
95	-16.0	-19.216660247122576	165.55405116081238
96	-15.0	-19.17449364465135	168.42059183120728
97	-17.0	-19.152748708204836	170.21602416038513
98	-12.0	-19.08122122112279	173.12762713432312
99	-16.0	-19.05040900891156	175.22618293762207
100	-14.0	-18.999904918822445	177.6652328968048
101	-18.0	-18.98990586963422	179.5495958328247
102	-16.0	-18.96000681093788	181.7979519367218
103	-15.0	-18.9204067428285	184.07159090042114
104	-16.0	-18.891202675400216	187.02357506752014
105	-14.0	-18.842290648646213	189.64689111709595
106	-14.0	-18.79386774215975	192.32139492034912
107	-13.0	-18.73592906473815	195.09154510498047
108	-16.0	-18.70856977409077	197.07488322257996
109	-17.0	-18.691484076349862	198.9937868118286
110	-17.0	-18.674569235586365	201.10331797599792
111	-13.0	-18.6178235432305	203.6361711025238
112	-16.0	-18.591645307798196	206.07674407958984
113	-12.0	-18.525728854720214	208.7555708885193
114	-15.0	-18.49047156617301	211.34637188911438
115	-12.0	-18.42556685051128	214.3694019317627
116	-16.0	-18.401311182006168	216.79769802093506
117	-17.0	-18.38729807018611	218.8714418411255
118	-19.0	-18.39342508948425	220.85946488380432
119	-16.0	-18.369490838589407	223.24657797813416
120	-17.0	-18.355795930203513	225.44128012657166
121	-13.0	-18.302237970901476	227.9295039176941
122	-16.0	-18.27921559119246	230.1565089225769
123	-17.0	-18.266423435280537	232.26142287254333
124	-18.0	-18.26375920092773	234.29332900047302
125	-12.0	-18.201121608918452	236.80522084236145
126	-18.0	-18.19911039282927	238.62419414520264
127	-12.0	-18.137119288900976	241.36310410499573
128	-15.0	-18.105748096011965	243.88835501670837
129	-16.0	-18.084690615051844	246.13664889335632
130	-13.0	-18.033843708901326	249.4054880142212
131	-15.0	-18.003505271812312	252.0111072063446
132	-15.0	-17.97347021909419	254.51133179664612
133	-16.0	-17.953735516903247	257.1462240219116
134	-13.0	-17.904198161734215	259.8807530403137
135	-17.0	-17.895156180116874	262.1739459037781
136	-14.0	-17.856204618315704	264.99915599823
137	-18.0	-17.857642572132548	266.7840578556061
138	-14.0	-17.819066146411224	269.0376498699188
139	-15.0	-17.79087548494711	271.43543100357056
140	-13.0	-17.74296673009764	274.1255040168762
141	-14.0	-17.70553706279666	276.7039120197296
142	-10.0	-17.628481692168695	279.49762892723083
143	-14.0	-17.59219687524701	282.3539879322052
144	-14.0	-17.55627490649454	285.03799200057983
145	-16.0	-17.540712157429596	287.5830159187317
146	-18.0	-17.5453050358553	290.09678292274475
147	-15.0	-17.519851985496746	292.30262780189514
148	-12.0	-17.46465346564178	295.33807015419006
149	-15.0	-17.440006930985362	298.0056531429291
150	-13.0	-17.395606861675507	301.0168571472168
151	-13.0	-17.351650793058752	304.4025421142578
152	-11.0	-17.288134285128162	307.192058801651
153	-19.0	-17.305252942276883	309.4062008857727
154	-18.0	-17.312200412854114	311.8684380054474
155	-16.0	-17.299078408725574	314.6150438785553
156	-11.0	-17.23608762463832	318.1780948638916
157	-13.0	-17.193726748391935	320.88707304000854
158	-16.0	-17.181789480908016	323.98766803741455
159	-13.0	-17.139971586098934	327.0881509780884
160	-17.0	-17.138571870237946	329.33400297164917
161	-11.0	-17.077186151535567	332.89567589759827
162	-10.0	-17.006414290020214	336.47982120513916
163	-15.0	-16.98635014712001	339.118448972702
164	-1.0	-16.82648664564881	343.0347080230713
165	-7.0	-16.72822177919232	347.18883299827576
166	-13.0	-16.690939561400395	350.4670879840851
167	-7.0	-16.594030165786393	353.8608169555664
168	-13.0	-16.558089864128526	357.31545186042786
169	-11.0	-16.50250896548724	360.1524739265442
170	-9.0	-16.42748387583237	363.5435400009155
171	-8.0	-16.343209037074043	366.8756959438324
172	-8.0	-16.2597769467033	370.5165948867798
173	-12.0	-16.217179177236268	373.79201316833496
174	-13.0	-16.185007385463905	376.6640930175781
175	-10.0	-16.123157311609265	380.29339814186096
176	-3.0	-15.991925738493173	384.6559500694275
177	-12.0	-15.95200648110824	387.5225639343262
178	-7.0	-15.862486416297157	391.00924491882324
179	-13.0	-15.833861552134186	393.80818796157837
180	-10.0	-15.775522936612843	397.05432200431824
181	-12.0	-15.737767707246714	399.93020701408386
182	-11.0	-15.690390030174246	403.21412682533264
183	-12.0	-15.653486129872503	406.0581078529358
184	-5.0	-15.546951268573778	409.65315198898315
185	-19.0	-15.58148175588804	412.5456340312958
186	-14.0	-15.56566693832916	415.4165198802948
187	-16.0	-15.570010268945868	417.72169613838196
188	-1.0	-15.42431016625641	421.68393182754517
189	-14.0	-15.410067064593846	424.5398769378662
190	-10.0	-15.355966393947908	428.2534921169281
191	-13.0	-15.33240673000843	431.5043179988861
192	-7.0	-15.249082662708345	435.17218685150146
193	-5.0	-15.146591836081262	439.12800097465515
194	-12.0	-15.115125917720448	442.2768588066101
195	-3.0	-14.993974658543243	446.00239300727844
196	-13.0	-14.97403491195781	448.8551518917084
197	-13.0	-14.954294562838232	452.0661430358887
198	-14.0	-14.94475161720985	455.3627920150757
199	-12.0	-14.91530410103775	458.7231960296631
200	-17.0	-14.936151060027372	461.06328296661377
201	-7.0	-14.856789549427099	465.1365509033203
202	-5.0	-14.758221653932829	469.88477301597595
203	11.0	-14.5006394373935	474.18002104759216
204	-3.0	-14.385633043019565	478.85702085494995
205	-5.0	-14.29177671258937	483.0130708217621
206	3.0	-14.118858945463476	487.48036789894104
207	-8.0	-14.057670356008842	491.5119528770447
208	9.0	-13.827093652448754	496.0732328891754
209	2.0	-13.668822715924266	500.9379689693451
210	-15.0	-13.682134488765024	503.9920608997345
211	14.0	-13.405313143877374	507.0688500404358
212	7.0	-13.201260012438599	511.125962972641
213	19.0	-12.879247412314214	513.8841240406036
214	-5.0	-12.800454938191073	518.3771347999573
215	-6.0	-12.732450388809163	522.8040671348572
216	10.0	-12.505125884921071	526.5931541919708
217	-5.0	-12.43007462607186	530.8738980293274
218	-11.0	-12.415773879811141	534.7702469825745
219	4.0	-12.25161614101303	539.1756911277771
220	-13.0	-12.259099979602901	542.1818189620972
221	-7.0	-12.206508979806872	545.9486222267151
222	9.0	-11.994443890008803	549.7942590713501
223	-9.0	-11.964499451108715	553.8052279949188
224	21.0	-11.634854456597626	556.4701619148254
225	5.0	-11.468505912031649	561.1658430099487
226	10.0	-11.253820852911332	564.661082983017
227	6.0	-11.081282644382219	568.6098051071167
228	16.0	-10.810469817938396	571.7711710929871
229	6.0	-10.642365119759011	575.9199728965759
230	-5.0	-10.585941468561423	580.3307049274445
231	21.0	-10.270082053875807	582.9589130878448
232	7.0	-10.09738123333705	586.6286721229553
233	-10.0	-10.09640742100368	589.9414629936218
234	18.0	-9.815443346793643	592.813863992691
235	18.0	-9.537288913325707	596.0178618431091
236	-5.0	-9.49191602419245	600.6005470752716
237	-9.0	-9.486996863950527	604.4277150630951
238	-1.0	-9.40212689531102	610.0415182113647
239	-9.0	-9.39810562635791	614.1852831840515
240	-16.0	-9.46412457009433	617.0817291736603
241	-11.0	-9.479483324393387	620.7297668457031
242	-12.0	-9.504688491149452	624.3950400352478
243	-8.0	-9.489641606237956	628.5764260292053
244	16.0	-9.234745190175577	631.6952359676361
245	21.0	-8.93239773827382	634.3843641281128
246	-6.0	-8.903073760891083	638.4024159908295
247	21.0	-8.604043023282172	641.0957179069519
248	21.0	-8.308002593049348	643.7290759086609
249	-5.0	-8.274922567118855	648.6093549728394
250	21.0	-7.982173341447667	651.2977941036224
251	5.0	-7.8523516080331905	655.8822999000549
252	20.0	-7.573828091952858	658.8732538223267
253	2.0	-7.47808981103333	664.2896120548248
254	-10.0	-7.503308912922996	668.1427149772644
255	-3.0	-7.458275823793767	673.9559440612793
256	-12.0	-7.503693065555829	678.317713022232
257	-12.0	-7.548656134900271	681.7728099822998
258	21.0	-7.263169573551268	684.4285907745361
259	-8.0	-7.270537877815755	688.210047006607
260	17.0	-7.027832499037598	691.3743591308594
261	1.0	-6.947554174047222	695.3827688694
262	14.0	-6.73807863230675	698.6996290683746
263	14.0	-6.530697845983682	701.9207849502563
264	-14.0	-6.605390867523845	705.6775188446045
265	-7.0	-6.609336958848607	709.8345091342926
266	-6.0	-6.60324358926012	714.4531619548798
267	3.0	-6.5072111533675185	718.7838110923767
268	-7.0	-6.512139041833843	723.1062860488892
269	4.0	-6.407017651415505	728.025358915329
270	8.0	-6.26294747490135	732.2096629142761
271	-7.0	-6.270318000152336	737.1938848495483
272	20.0	-6.007614820150812	739.9052059650421
273	-3.0	-5.977538671949304	745.9914860725403
274	15.0	-5.767763285229811	749.3997159004211
275	21.0	-5.500085652377512	752.0423099994659
276	-10.0	-5.545084795853737	755.9141719341278
277	4.0	-5.449633947895199	760.9723720550537
278	21.0	-5.185137608416247	763.6271679401398
279	-10.0	-5.233286232332085	767.6592519283295
280	-1.0	-5.190953370008764	773.0864899158478
281	-11.0	-5.249043836308676	776.8238599300385
282	-8.0	-5.276553397945589	780.559415102005
283	20.0	-5.023787863966133	783.5072660446167
284	-3.0	-5.0035499853264715	788.9226460456848
285	-2.0	-4.973514485473206	793.9895930290222
286	19.0	-4.733779340618474	796.8147349357605
287	-9.0	-4.776441547212289	800.9619688987732
288	11.0	-4.618677131740165	804.4769940376282
289	19.0	-4.382490360422763	807.4982569217682
290	-5.0	-4.3886654568185355	812.7645487785339
291	-5.0	-4.39477880225035	818.7500338554382
292	3.0	-4.3208310142278465	822.9735188484192
293	-11.0	-4.387622704085568	826.9783449172974
294	-7.0	-4.413746477044713	831.1936981678009
295	-1.0	-4.3796090122742655	837.8539872169495
296	21.0	-4.125812922151523	840.5518338680267
297	-1.0	-4.0945547929300075	845.8311049938202
298	-5.0	-4.103609245000707	850.0230779647827
299	7.0	-3.9925731525507007	855.4406840801239
300	-8.0	-4.032647421025193	859.8632500171661
301	17.0	-3.8223209468149415	862.9290161132812
302	-11.0	-3.894097737346792	866.6029510498047
303	17.0	-3.685156759973324	869.8478980064392
304	8.0	-3.5683051923735905	873.8148281574249
305	-8.0	-3.6126221404498544	877.438117980957
306	-7.0	-3.6464959190453556	881.7630641460419
307	21.0	-3.400030959854902	884.3961489200592
308	-12.0	-3.486030650256353	888.2647130489349
309	6.0	-3.3911703437537897	893.7562999725342
310	21.0	-3.147258640316252	896.3744111061096
311	21.0	-2.9057860539130895	899.0389220714569
312	8.0	-2.7967281933739585	904.0795149803162
313	-7.0	-2.8387609114402186	908.4498171806335
314	-1.0	-2.820373302325816	913.8511810302734
315	3.0	-2.762169569302558	918.2673950195312
316	-13.0	-2.8645478736095322	921.5735280513763
317	12.0	-2.715902394873437	925.4099440574646
318	4.0	-2.6487433709247026	931.0871660709381
319	16.0	-2.4622559372154553	934.2923519611359
320	20.0	-2.2376333778433004	937.288656949997
321	21.0	-2.0052570440648676	939.9809589385986
322	-7.0	-2.0552044736242188	944.1382060050964
323	8.0	-1.9546524288879765	948.536474943161
324	2.0	-1.9151059045990968	954.446286201477
325	9.0	-1.8059548455531058	959.5342531204224
326	3.0	-1.7578952970975747	964.6683011054993
327	11.0	-1.6303163441265989	968.2043850421906
328	21.0	-1.4040131806853329	970.8677561283112
329	-7.0	-1.4599730488784797	975.2738869190216
330	-12.0	-1.5653733183896947	978.4136881828308
331	19.0	-1.3597195852057977	981.1667189598083
332	-6.0	-1.4061223893537398	985.1463449001312
333	3.0	-1.3620611654602024	990.6500811576843
334	4.0	-1.3084405538056003	996.2179191112518
335	2.0	-1.2753561482675442	1001.1412980556488
336	-3.0	-1.2926025867848687	1006.1733441352844
337	-2.0	-1.29967656091702	1011.2803649902344
338	-7.0	-1.3566797953078498	1014.9956958293915
339	11.0	-1.2331129973547712	1019.2975611686707
340	12.0	-1.1007818673812233	1022.7393329143524
341	-19.0	-1.279774048707411	1024.8582379817963
342	-1.0	-1.276976308220337	1030.6314339637756
343	18.0	-1.0842065451381335	1033.6726698875427
344	13.0	-0.9433644796867521	1037.075336933136
345	8.0	-0.8539308348898846	1041.3537249565125
346	-7.0	-0.9153915265409858	1045.1803839206696
347	14.0	-0.7662376112755759	1048.4365949630737
348	4.0	-0.7185752351628201	1053.8096568584442
349	16.0	-0.5513894828111918	1057.0942549705505
350	15.0	-0.39587558798307987	1060.4865868091583
351	17.0	-0.22191683210324906	1063.5251641273499
352	-8.0	-0.2996976637822166	1067.7013750076294
353	21.0	-0.08670068714439441	1070.390470981598
354	6.0	-0.025833680272950466	1075.2648630142212
355	13.0	0.10442465652977904	1078.7715311050415
356	14.0	0.24338040996448126	1082.1434619426727
357	19.0	0.43094660586483646	1085.1547989845276
358	13.0	0.5566371398061881	1088.4419541358948
359	-3.0	0.5210707684081262	1093.375599861145
360	-8.0	0.4358600607240449	1097.3831219673157
361	20.0	0.6315014601168044	1100.2660281658173
362	-5.0	0.5751864455156364	1104.7589781284332
363	-5.0	0.5194345810604799	1109.7115828990936
364	6.0	0.574240235249875	1114.7956340312958
365	12.0	0.6884978328973762	1118.233600139618
366	7.0	0.7516128545684024	1123.0086588859558
367	6.0	0.8040967260227183	1127.763265132904
368	4.0	0.8360557587624912	1133.5034370422363
369	19.0	1.0176952011748663	1136.4674220085144
370	-16.0	0.8475182491631176	1138.7070400714874
371	5.0	0.8890430666714865	1144.3003861904144
372	21.0	1.0901526360047715	1146.9445819854736
373	21.0	1.2892511096447237	1149.7320909500122
374	20.0	1.4763585985482763	1152.4384579658508
375	18.0	1.6415950125627934	1155.3476858139038
376	8.0	1.7051790624371654	1159.2527658939362
377	20.0	1.8881272718127937	1162.0511310100555
378	-18.0	1.6892459990946658	1165.1500380039215
379	-6.0	1.6123535391037191	1169.248778104782
380	21.0	1.806230003712682	1171.859431028366
381	18.0	1.968167703675555	1174.9528048038483
382	-1.0	1.9384860266387993	1180.1583800315857
383	-8.0	1.8391011663724113	1184.3332369327545
384	9.0	1.9107101547086873	1188.1568310260773
385	-3.0	1.8616030531616004	1193.426759004593
386	-3.0	1.8129870226299842	1199.204551935196
387	15.0	1.9448571524036844	1202.994019985199
388	-3.0	1.8954085808796475	1208.1124029159546
389	21.0	2.0864544950708512	1210.7751932144165
390	16.0	2.225589950120143	1214.123053073883
391	7.0	2.2733340506189412	1219.6025071144104
392	9.0	2.3406007101127515	1224.44326710701
393	21.0	2.5271947030116237	1227.085233926773
394	16.0	2.6619227559815077	1230.2679390907288
395	8.0	2.7153035284216926	1235.157880783081
396	10.0	2.7881504931374756	1240.1841259002686
397	6.0	2.820268988206101	1246.0715470314026
398	7.0	2.8620662983240397	1251.5004208087921
399	7.0	2.903445635340799	1256.4336998462677
400	9.0	2.964411178987391	1262.0193500518799
401	12.0	3.054767067197517	1265.7581729888916
402	21.0	3.2342193965255417	1268.363156080246
403	-3.0	3.1718772025602866	1273.5883011817932
404	-7.0	3.070158430534684	1278.3849370479584
405	13.0	3.169456846229337	1281.7148859500885
406	-6.0	3.0777622777670435	1286.6920719146729
407	21.0	3.256984654989373	1289.3488399982452
408	-1.0	3.2144148084394795	1295.1920058727264
409	-9.0	3.092270660355085	1299.479415178299
410	4.0	3.1013479537515343	1304.661073923111
411	17.0	3.240334474214019	1307.6305510997772
412	21.0	3.417931129471879	1310.2515552043915
413	-7.0	3.31375181817716	1314.0250480175018
414	-8.0	3.2006142999953884	1317.953561782837
415	21.0	3.3786081569954343	1320.5541179180145
416	19.0	3.5348220754254798	1323.4036090373993
417	3.0	3.5294738546712248	1329.5453670024872
418	18.0	3.6741791161245128	1332.679268836975
419	18.0	3.817437324963268	1335.81947016716
420	1.0	3.789262951713635	1341.9640200138092
421	-1.0	3.7413703221964987	1348.025398015976
422	8.0	3.7839566189745337	1353.1258549690247
423	6.0	3.8061170527847885	1358.8403100967407
424	-4.0	3.7280558822569407	1364.4573829174042
425	4.0	3.7307753234343712	1370.0248329639435
426	15.0	3.8434675702000276	1373.5082178115845
427	15.0	3.9550328944980273	1377.2312080860138
428	2.0	3.935482565553047	1382.989219903946
429	10.0	3.9961277398975166	1386.8142380714417
430	16.0	4.1161664624985415	1390.3790740966797
431	21.0	4.285004797873556	1393.0361721515656
432	14.0	4.382154749894821	1396.5693409442902
433	6.0	4.3983332023958726	1402.3393759727478
434	19.0	4.5443498703719145	1405.2238101959229
435	7.0	4.568906371668196	1410.290776014328
436	8.0	4.603217307951514	1414.1412811279297
437	10.0	4.657185134871998	1418.6300821304321
438	21.0	4.8206132835232784	1421.294930934906
439	21.0	4.982407150688045	1423.8896770477295
440	-5.0	4.882583079181165	1429.1851239204407
441	16.0	4.993757248389353	1432.4822759628296
442	17.0	5.113819675905459	1435.7589168548584
443	4.0	5.102681479146405	1441.3172948360443
444	21.0	5.261654664354941	1444.0489611625671
445	-1.0	5.199038117711392	1449.343427181244
446	18.0	5.327047736534277	1452.4510869979858
447	18.0	5.453777259168934	1455.4379839897156
448	21.0	5.609239486577245	1458.145749092102
449	-4.0	5.513147091711472	1462.8363478183746
450	10.0	5.558015620794357	1466.5499620437622
451	6.0	5.562435464586414	1471.8084318637848
452	9.0	5.596811109940549	1477.610913991928
453	8.0	5.620842998841144	1482.7506380081177
454	7.0	5.634634568852732	1488.318932056427
455	3.0	5.608288223164205	1493.7612159252167
456	-5.0	5.502205340932563	1498.718798160553
457	21.0	5.657183287523237	1501.3940291404724
458	7.0	5.670611454648005	1506.163237810135
459	7.0	5.683905340101525	1511.4971120357513
460	-14.0	5.48706628670051	1514.6763470172882
461	5.0	5.482195623833505	1519.5285539627075
462	5.0	5.477373667595169	1524.7268419265747
463	18.0	5.602599930919218	1527.905851840973
464	16.0	5.706573931610026	1531.2148940563202
465	-7.0	5.579508192293925	1535.9604959487915
466	6.0	5.583713110370986	1541.602667093277
467	-13.0	5.397875979267276	1545.0976750850677
468	-2.0	5.3238972194746035	1550.4658560752869
469	18.0	5.450658247279857	1553.3571610450745
470	5.0	5.446151664807058	1558.7430038452148
471	11.0	5.501690148158987	1562.4941809177399
472	-3.0	5.416673246677397	1568.7039580345154
473	21.0	5.572506514210623	1571.330253124237
474	17.0	5.6867814490685165	1574.5752170085907
475	7.0	5.699913634577832	1580.484083890915
476	15.0	5.7929144982320535	1583.844848871231
477	8.0	5.814985353249733	1589.22225689888
478	-19.0	5.566835499717235	1592.0192251205444
479	-4.0	5.471167144720062	1597.3090839385986
480	10.0	5.5164554732728615	1601.2945470809937
481	4.0	5.501290918540133	1607.7020590305328
482	21.0	5.656278009354732	1610.3591380119324
483	21.0	5.809715229261184	1613.0048577785492
484	-8.0	5.6716180769685725	1617.1599869728088
485	7.0	5.684901896198887	1622.4858000278473
486	2.0	5.648052877236897	1628.6069738864899
487	-3.0	5.561572348464528	1633.7347540855408
488	17.0	5.675956624979883	1637.1049280166626
489	1.0	5.629197058730084	1643.789892911911
490	12.0	5.692905088142783	1648.057520866394
491	-14.0	5.4959760372613555	1651.4382541179657
492	11.0	5.551016276888742	1656.4738819599152
493	21.0	5.705506114119855	1659.2024960517883
494	21.0	5.858451052978656	1661.873839855194
495	-15.0	5.649866542448869	1665.3524448871613
496	7.0	5.663367877024381	1671.0445818901062
497	21.0	5.816734198254137	1673.7496221065521
498	21.0	5.968566856271596	1676.4681458473206
499	21.0	6.11888118770888	1679.1405220031738
500	2.0	6.0776923758317905	1685.6986739635468
