1	0.0	0.0	3.2180566787719727
2	0.0	0.0	3.4039993286132812
3	0.0	0.0	6.681318044662476
4	0.0	0.0	7.066203832626343
5	0.0	0.0	7.40749192237854
6	0.0	0.0	7.964291095733643
7	0.0	0.0	8.299193620681763
8	0.0	0.0	8.47713851928711
9	0.0	0.0	8.65308403968811
10	0.0	0.0	9.509345769882202
11	0.0	0.0	10.69383192062378
12	0.0	0.0	11.052730321884155
13	0.0	0.0	11.24667763710022
14	0.0	0.0	11.660152912139893
15	0.0	0.0	13.996576309204102
16	0.0	0.0	14.264001846313477
17	0.0	0.0	14.429165363311768
18	0.0	0.0	14.66260313987732
19	0.0	0.0	15.322545528411865
20	0.0	0.0	15.473498821258545
21	0.0	0.0	15.615455627441406
22	0.0	0.0	16.234265089035034
23	0.0	0.0	16.558794736862183
24	0.0	0.0	16.807270526885986
25	0.0	0.0	18.323519229888916
26	0.0	0.0	18.49446702003479
27	0.0	0.0	19.73408555984497
28	0.0	0.0	20.062050104141235
29	0.0	0.0	20.244992971420288
30	0.0	0.0	20.696852445602417
31	0.0	0.0	21.283449411392212
32	0.0	0.0	22.70302176475525
33	0.0	0.0	23.259846210479736
34	0.0	0.0	23.936384677886963
35	0.0	0.0	24.21329951286316
36	0.0	0.0	24.458231210708618
37	0.0	0.0	25.79724955558777
38	0.0	0.0	26.120150089263916
39	0.0	0.0	26.549013137817383
40	0.0	0.0	27.216078281402588
41	0.0	0.0	27.416016340255737
42	0.0	0.0	27.844888925552368
43	0.0	0.0	28.451069355010986
44	0.0	0.0	28.994787454605103
45	0.0	0.0	29.72144889831543
46	0.0	0.0	30.23629403114319
47	0.0	0.0	30.4932119846344
48	0.0	0.0	31.06803560256958
49	0.0	0.0	31.755626916885376
50	0.0	0.0	32.65734791755676
51	0.0	0.0	33.03323149681091
52	0.0	0.0	34.179884910583496
53	0.0	0.0	34.351837158203125
54	0.0	0.0	34.93153476715088
55	0.0	0.0	35.314395904541016
56	0.0	0.0	35.91941976547241
57	0.0	0.0	36.35029363632202
58	0.0	0.0	36.90713906288147
59	0.0	0.0	37.90334177017212
60	0.0	0.0	39.989601612091064
61	0.0	0.0	40.52014422416687
62	0.0	0.0	40.71008491516113
63	0.0	0.0	41.535839796066284
64	0.0	0.0	41.90571737289429
65	0.0	0.0	42.260607957839966
66	0.0	0.0	42.93900465965271
67	0.0	0.0	43.23991298675537
68	0.0	0.0	44.079652547836304
69	0.0	0.0	44.26959490776062
70	0.0	0.0	44.86696743965149
71	0.0	0.0	45.141881704330444
72	0.0	0.0	46.02561116218567
73	0.0	0.0	46.63397216796875
74	0.0	0.0	47.48023247718811
75	0.0	0.0	47.83163404464722
76	0.0	0.0	47.97386908531189
77	0.0	0.0	48.62418532371521
78	0.0	0.0	48.8745059967041
79	0.0	0.0	49.14742088317871
80	0.0	0.0	49.75923132896423
81	0.0	0.0	50.68894624710083
82	0.0	0.0	50.87655305862427
83	0.0	0.0	51.2184476852417
84	0.0	0.0	51.476860761642456
85	0.0	0.0	52.06092596054077
86	0.0	0.0	52.26687526702881
87	0.0	0.0	52.58714556694031
88	0.0	0.0	53.00445795059204
89	0.0	0.0	53.45931816101074
90	0.0	0.0	54.0622341632843
91	0.0	0.0	54.785017013549805
92	0.0	0.0	55.21288514137268
93	0.0	0.0	55.9061164855957
94	0.0	0.0	56.252015590667725
95	0.0	0.0	57.12676763534546
96	0.0	0.0	57.928548097610474
97	0.0	0.0	58.494932413101196
98	0.0	0.0	59.39618682861328
99	0.0	0.0	59.84904408454895
100	0.0	0.0	60.24992036819458
101	0.0	0.0	60.55482792854309
102	0.0	0.0	61.15864658355713
103	0.0	0.0	61.56652593612671
104	0.0	0.0	62.03246521949768
105	0.0	0.0	63.48126792907715
106	0.0	0.0	63.85212516784668
107	0.0	0.0	64.22901630401611
108	0.0	0.0	64.49594378471375
109	0.0	0.0	65.15147042274475
110	0.0	0.0	65.64233422279358
111	0.0	0.0	65.93925452232361
112	0.0	0.0	66.14231610298157
113	0.0	0.0	67.28801345825195
114	0.0	0.0	67.87911295890808
115	0.0	0.0	68.61721110343933
116	0.0	0.0	68.98916554450989
117	0.0	0.0	75.29353737831116
118	0.0	0.0	77.6673424243927
119	0.0	0.0	80.04284262657166
120	0.0	0.0	81.356605052948
121	0.0	0.0	81.72365832328796
122	0.0	0.0	82.11653542518616
123	0.0	0.0	82.78332996368408
124	0.0	0.0	83.2191960811615
125	0.0	0.0	83.56865930557251
126	0.0	0.0	84.6150393486023
127	0.0	0.0	84.97503399848938
128	0.0	0.0	85.36504983901978
129	0.0	0.0	86.6891496181488
130	0.0	0.0	88.77906799316406
131	0.0	0.0	90.04569268226624
132	0.0	0.0	90.68126440048218
133	0.0	0.0	91.5069408416748
134	0.0	0.0	92.53114533424377
135	0.0	0.0	94.257493019104
136	0.0	0.0	94.59139013290405
137	0.0	0.0	95.6118574142456
138	0.0	0.0	96.40113520622253
139	0.0	0.0	96.70986413955688
140	0.0	0.0	97.08605003356934
141	0.0	0.0	98.43192744255066
142	0.0	0.0	102.46400165557861
143	0.0	0.0	105.17164397239685
144	0.0	0.0	105.88523364067078
145	0.0	0.0	107.02889132499695
146	0.0	0.0	107.43078017234802
147	0.0	0.0	108.51112484931946
148	0.0	0.0	108.99698662757874
149	0.0	0.0	109.4088830947876
150	0.0	0.0	110.15147471427917
151	0.0	0.0	110.68852353096008
152	0.0	0.0	112.98063826560974
153	0.0	0.0	114.60765433311462
154	0.0	0.0	115.08452367782593
155	0.0	0.0	115.62930631637573
156	0.0	0.0	116.22644925117493
157	0.0	0.0	117.0207166671753
158	0.0	0.0	119.39977192878723
159	0.0	0.0	119.82676434516907
160	0.0	0.0	120.31396913528442
161	0.0	0.0	123.15772843360901
162	0.0	0.0	125.47655081748962
163	0.0	0.0	125.85811066627502
164	0.0	0.0	126.31947994232178
165	0.0	0.0	126.77284812927246
166	0.0	0.0	128.54168581962585
167	0.0	0.0	128.86910939216614
168	0.0	0.0	129.4509298801422
169	0.0	0.0	129.8438138961792
170	0.0	0.0	130.47914361953735
171	0.0	0.0	130.87402248382568
172	0.0	0.0	131.6627902984619
173	0.0	0.0	132.717022895813
174	0.0	0.0	133.42380166053772
175	0.0	0.0	134.20770263671875
176	0.0	0.0	135.41894507408142
177	0.0	0.0	135.8836190700531
178	0.0	0.0	137.6571090221405
179	0.0	0.0	138.96635222434998
180	0.0	0.0	140.72281050682068
181	0.0	0.0	141.12122344970703
182	0.0	0.0	141.53809547424316
183	0.0	0.0	143.45184087753296
184	0.0	0.0	143.83380675315857
185	0.0	0.0	144.5875015258789
186	0.0	0.0	145.72297191619873
187	0.0	0.0	146.08866262435913
188	0.0	0.0	146.53254747390747
189	0.0	0.0	147.28824019432068
190	0.0	0.0	147.82785320281982
191	0.0	0.0	148.12019157409668
192	0.0	0.0	148.98062753677368
193	0.0	0.0	149.32253646850586
194	0.0	0.0	151.9264256954193
195	0.0	0.0	152.33030152320862
196	0.0	0.0	152.7341706752777
197	0.0	0.0	154.63280129432678
198	0.0	0.0	155.15355682373047
199	0.0	0.0	155.90440678596497
200	0.0	0.0	156.2720103263855
201	0.0	0.0	156.65541338920593
202	0.0	0.0	157.05728960037231
203	0.0	0.0	157.4723973274231
204	0.0	0.0	158.08620762825012
205	0.0	0.0	158.41129565238953
206	0.0	0.0	158.87413954734802
207	0.0	0.0	159.25536680221558
208	0.0	0.0	159.72535490989685
209	0.0	0.0	160.10936498641968
210	0.0	0.0	161.18509793281555
211	0.0	0.0	162.86793208122253
212	0.0	0.0	163.81197452545166
213	0.0	0.0	169.7931044101715
214	0.0	0.0	170.85857009887695
215	0.0	0.0	171.9959750175476
216	0.0	0.0	172.61565279960632
217	0.0	0.0	173.27116322517395
218	0.0	0.0	173.83843684196472
219	0.0	0.0	175.42500734329224
220	0.0	0.0	175.81406593322754
221	0.0	0.0	176.15863251686096
222	0.0	0.0	180.64758729934692
223	0.0	0.0	184.9981815814972
224	0.0	0.0	185.73295497894287
225	0.0	0.0	186.6036970615387
226	0.0	0.0	188.17383217811584
227	0.0	0.0	189.29335045814514
228	0.0	0.0	190.26705932617188
229	0.0	0.0	191.0911693572998
230	0.0	0.0	191.491046667099
231	0.0	0.0	191.89692568778992
232	0.0	0.0	194.72043418884277
233	0.0	0.0	195.1118679046631
234	0.0	0.0	195.8202304840088
235	0.0	0.0	196.16452360153198
236	0.0	0.0	196.5614492893219
237	0.0	0.0	197.03192448616028
238	0.0	0.0	197.6977858543396
239	0.0	0.0	198.1316499710083
240	0.0	0.0	199.30501127243042
241	0.0	0.0	199.84079813957214
242	0.0	0.0	200.1777675151825
243	0.0	0.0	200.97103095054626
244	0.0	0.0	203.17180728912354
245	0.0	0.0	203.56330180168152
246	0.0	0.0	206.48185467720032
247	0.0	0.0	207.0245180130005
248	0.0	0.0	207.40116477012634
249	0.0	0.0	207.79107880592346
250	0.0	0.0	208.40752863883972
