1	13.0	13.0	5.314257860183716
2	12.0	12.989999999999998	6.124213933944702
3	1.0	12.870099999999999	6.92877721786499
4	11.0	12.851398999999999	7.964788198471069
5	4.0	12.762885009999998	8.762709379196167
6	8.0	12.715256159899997	9.766395568847656
7	5.0	12.638103598300997	10.755692481994629
8	7.0	12.581722562317987	11.73546814918518
9	0.0	12.455905336694807	12.211687088012695
10	10.0	12.431346283327859	13.189754009246826
11	10.0	12.40703282049458	14.073904991149902
12	1.0	12.292962492289634	14.795772314071655
13	4.0	12.210032867366737	15.528320074081421
14	6.0	12.14793253869307	16.26091980934143
15	0.0	12.026453213306139	16.768284559249878
16	4.0	11.946188681173076	17.662432432174683
17	4.0	11.866726794361345	18.27199125289917
18	8.0	11.82805952641773	19.063623905181885
19	7.0	11.779778931153553	20.043588399887085
20	4.0	11.701981141842015	20.90109920501709
21	2.0	11.604961330423595	21.311939239501953
22	10.0	11.588911717119359	22.192381620407104
23	7.0	11.543022599948166	23.007080078125
24	8.0	11.507592373948684	23.548892974853516
25	10.0	11.492516450209196	24.531116485595703
26	6.0	11.437591285707105	24.923055410385132
27	3.0	11.353215372850034	25.635748386383057
28	10.0	11.339683219121532	26.561330556869507
29	14.0	11.366286386930318	27.54956293106079
30	3.0	11.282623523061014	28.244211435317993
31	6.0	11.229797287830404	29.254215717315674
32	17.0	11.2874993149521	30.269699811935425
33	4.0	11.214624321802578	31.13014268875122
34	13.0	11.232478078584553	32.27664256095886
35	3.0	11.150153297798706	33.28312397003174
36	2.0	11.058651764820718	33.96918535232544
37	12.0	11.06806524717251	35.15877151489258
38	9.0	11.047384594700786	36.04825043678284
39	1.0	10.946910748753778	36.403658628463745
40	7.0	10.90744164126624	37.30181884765625
41	5.0	10.848367224853579	37.95875573158264
42	10.0	10.839883552605043	38.93257975578308
43	5.0	10.781484717078992	39.97265911102295
44	13.0	10.803669869908203	41.056541204452515
45	9.0	10.78563317120912	42.059134006500244
46	5.0	10.72777683949703	42.802475452423096
47	3.0	10.65049907110206	43.55461311340332
48	4.0	10.583994080391038	44.34665513038635
49	7.0	10.548154139587128	44.99558448791504
50	9.0	10.532672598191256	45.79839730262756
51	3.0	10.457345872209343	46.46230125427246
52	9.0	10.44277241348725	47.39775013923645
53	2.0	10.358344689352377	48.09604239463806
54	7.0	10.324761242458854	49.04563856124878
55	3.0	10.251513630034264	50.07572364807129
56	5.0	10.198998493733923	50.74417853355408
57	5.0	10.147008508796585	51.64979076385498
58	7.0	10.11553842370862	52.36114716529846
59	7.0	10.084383039471533	53.01772928237915
60	5.0	10.033539209076817	54.12419676780701
61	7.0	10.00320381698605	54.88732671737671
62	3.0	9.933171778816188	55.57137107849121
63	12.0	9.953840061028025	56.4787323474884
64	8.0	9.934301660417745	57.48601031303406
65	5.0	9.884958643813569	57.99159002304077
66	1.0	9.796109057375434	58.387680768966675
67	10.0	9.798147966801679	59.755263805389404
68	14.0	9.840166487133663	61.381234884262085
69	11.0	9.851764822262325	63.95710039138794
70	12.0	9.873247174039701	66.35209274291992
71	9.0	9.864514702299303	68.39443016052246
72	1.0	9.77586955527631	70.33528661727905
73	9.0	9.768110859723548	72.72841286659241
74	17.0	9.840429751126312	75.24804282188416
75	0.0	9.742025453615048	76.10677719116211
76	14.0	9.784605199078898	78.86605620384216
77	11.0	9.796759147088109	80.51412987709045
78	11.0	9.808791555617226	82.55554914474487
79	10.0	9.810703640061053	84.75312876701355
80	10.0	9.812596603660442	86.87496948242188
81	6.0	9.774470637623837	88.04047703742981
82	13.0	9.8067259312476	90.74667429924011
83	7.0	9.778658671935125	92.17723345756531
84	0.0	9.680872085215773	94.10778999328613
85	9.0	9.674063364363615	96.34797024726868
86	47.0	10.04732273071998	105.96407008171082
87	11.0	10.05684950341278	108.75993824005127
88	12.0	10.07628100837865	111.19917297363281
89	7.0	10.045518198294864	113.39237380027771
90	14.0	10.085063016311917	115.0436909198761
91	5.0	10.034212386148798	116.9308922290802
92	9.0	10.02387026228731	119.19274067878723
93	6.0	9.983631559664438	121.22592258453369
94	7.0	9.953795244067795	123.76610064506531
95	8.0	9.934257291627118	126.30755877494812
96	5.0	9.884914718710847	128.61292552947998
97	14.0	9.92606557152374	131.41293835639954
98	4.0	9.866804915808501	133.0853304862976
99	8.0	9.848136866650416	134.71268010139465
100	13.0	9.879655497983912	137.28138756752014
101	4.0	9.82085894300407	138.30255818367004
102	7.0	9.79265035357403	140.2095136642456
103	10.0	9.79472385003829	142.15051221847534
104	9.0	9.786776611537906	143.96158695220947
105	25.0	9.938908845422526	146.57566833496094
106	12.0	9.9595197569683	149.01239395141602
107	4.0	9.899924559398617	151.4710385799408
108	19.0	9.99092531380463	156.09691333770752
109	17.0	10.061016060666583	159.33996558189392
110	17.0	10.130405900059918	163.3964650630951
111	4.0	10.069101841059318	164.58027863502502
112	10.0	10.068410822648724	167.46911215782166
113	6.0	10.027726714422238	169.12329602241516
114	8.0	10.007449447278015	170.73378896713257
115	10.0	10.007374952805234	173.26592016220093
116	13.0	10.037301203277183	175.79435420036316
117	19.0	10.12692819124441	179.58096289634705
118	19.0	10.215658909331966	182.49491620063782
119	5.0	10.163502320238647	184.4481234550476
120	4.0	10.10186729703626	185.79164624214172
121	12.0	10.120848624065898	188.7958459854126
122	12.0	10.139640137825237	190.78516936302185
123	7.0	10.108243736446985	193.26789593696594
124	12.0	10.127161299082514	196.12815308570862
125	13.0	10.15588968609169	197.7699840068817
126	12.0	10.174330789230773	200.2379925251007
127	18.0	10.252587481338464	202.83224630355835
128	9.0	10.24006160652508	204.45373630523682
129	6.0	10.197660990459829	206.45955061912537
130	21.0	10.305684380555231	211.89760541915894
131	13.0	10.33262753674968	214.10611033439636
132	11.0	10.339301261382182	216.02751541137695
133	17.0	10.40590824876836	218.62784695625305
134	5.0	10.351849166280678	220.6152045726776
135	11.0	10.35833067461787	222.64557909965515
136	12.0	10.37474736787169	225.42714548110962
137	17.0	10.440999894192972	227.74525713920593
138	1.0	10.346589895251041	229.1218330860138
139	14.0	10.383123996298531	231.8783848285675
140	7.0	10.349292756335545	233.16440224647522
141	17.0	10.41579982877219	237.61642718315125
142	10.0	10.411641830484468	240.01872372627258
143	10.0	10.407525412179623	242.8478138446808
144	7.0	10.373450158057828	244.47560286521912
145	6.0	10.32971565647725	246.44901514053345
146	8.0	10.306418499912477	248.21919584274292
147	0.0	10.203354314913351	249.12990403175354
148	14.0	10.241320771764219	251.83523678779602
149	5.0	10.188907564046577	253.73128700256348
150	6.0	10.147018488406111	255.81064558029175
151	13.0	10.175548303522051	258.60004472732544
152	14.0	10.21379282048683	260.7283661365509
153	10.0	10.211654892281961	262.3777084350586
154	16.0	10.269538343359143	265.048855304718
155	4.0	10.20684295992555	266.00628638267517
156	15.0	10.254774530326296	268.6455113887787
157	12.0	10.272226785023031	270.91490387916565
158	6.0	10.229504517172801	272.91294145584106
159	2.0	10.147209472001073	273.95100021362305
160	17.0	10.215737377281062	277.17079186439514
161	9.0	10.203580003508252	279.4404773712158
162	4.0	10.141544203473169	281.53668904304504
163	14.0	10.180128761438437	284.4059133529663
164	14.0	10.218327473824054	287.6390151977539
165	19.0	10.306144199085812	290.047908782959
166	8.0	10.283082757094954	291.98586559295654
167	14.0	10.320251929524005	293.6097149848938
168	3.0	10.247049410228765	295.4676113128662
169	22.0	10.364578916126478	298.67710614204407
170	3.0	10.290933126965212	299.7452230453491
171	6.0	10.24802379569556	302.5036041736603
172	54.0	10.685543557738605	309.6047899723053
173	12.0	10.698688122161217	311.06289649009705
174	5.0	10.641701240939605	313.0405013561249
175	14.0	10.67528422853021	315.38935828208923
176	13.0	10.698531386244907	317.3169038295746
177	10.0	10.691546072382458	319.62841033935547
178	17.0	10.754630611658634	322.5318822860718
179	22.0	10.867084305542049	326.76619005203247
180	4.0	10.798413462486627	329.44088912010193
181	15.0	10.840429327861761	332.7476155757904
182	2.0	10.752025034583143	333.7371678352356
183	9.0	10.734504784237311	335.4004843235016
184	42.0	11.047159736394937	341.2040762901306
185	9.0	11.026688139030988	342.947776556015
186	4.0	10.956421257640677	345.3539619445801
187	12.0	10.96685704506427	348.21236753463745
188	19.0	11.047188474613627	350.94019412994385
189	8.0	11.01671658986749	353.2384605407715
190	11.0	11.016549423968815	356.2319004535675
191	2.0	10.926383929729127	357.76652002334595
192	14.0	10.957120090431836	360.5077874660492
193	21.0	11.057548889527519	366.1767828464508
194	12.0	11.066973400632243	367.9218900203705
195	22.0	11.176303666625921	371.8149082660675
196	13.0	11.194540629959663	374.6512107849121
197	12.0	11.202595223660065	377.16084718704224
198	10.0	11.190569271423463	379.1366090774536
199	6.0	11.13866357870923	380.7612783908844
200	14.0	11.167276942922138	383.0447416305542
201	7.0	11.125604173492917	384.6417074203491
202	7.0	11.084348131757988	386.2906355857849
203	12.0	11.093504650440407	388.701021194458
204	9.0	11.072569603936003	390.9647285938263
205	11.0	11.071843907896643	393.56499886512756
206	14.0	11.101125468817676	395.35606813430786
207	6.0	11.050114214129499	397.03888034820557
208	13.0	11.069613071988204	400.287889957428
209	4.0	10.998916941268321	401.2864820957184
210	18.0	11.068927771855638	404.90237402915955
211	25.0	11.208238494137081	409.66686844825745
212	16.0	11.256156109195711	412.345374584198
213	9.0	11.233594548103754	415.1174068450928
214	29.0	11.411258602622716	419.99973154067993
215	14.0	11.43714601659649	421.70377588272095
216	2.0	11.342774556430525	423.6782822608948
217	15.0	11.37934681086622	426.64775347709656
218	10.0	11.365553342757558	428.600346326828
219	6.0	11.311897809329983	430.4603364467621
220	13.0	11.328778831236683	433.41856384277344
221	17.0	11.385491042924317	435.3793799877167
222	1.0	11.281636132495073	436.33672976493835
223	23.0	11.398819771170123	439.3021388053894
224	14.0	11.424831573458421	441.6357161998749
225	25.0	11.560583257723836	447.1744816303253
226	19.0	11.634977425146598	450.0743975639343
227	21.0	11.728627650895133	452.3334345817566
228	19.0	11.801341374386181	457.1941900253296
229	19.0	11.87332796064232	460.12679839134216
230	6.0	11.814594681035896	461.2596151828766
231	3.0	11.726448734225537	462.9288601875305
232	13.0	11.739184246883282	465.78040528297424
233	20.0	11.821792404414449	468.04369950294495
234	7.0	11.773574480370305	469.6697120666504
235	15.0	11.805838735566603	472.22017884254456
236	20.0	11.887780348210937	474.9680857658386
237	12.0	11.888902544728827	477.7328326702118
238	45.0	12.220013519281538	485.6499743461609
239	14.0	12.237813384088723	488.3734600543976
240	1.0	12.125435250247834	490.1401569843292
241	8.0	12.084180897745355	492.1800422668457
242	14.0	12.103339088767902	494.8169319629669
243	19.0	12.172305697880223	499.1786744594574
244	17.0	12.220582640901421	501.8477268218994
245	5.0	12.148376814492407	504.0346009731293
246	14.0	12.166893046347482	506.9725830554962
247	11.0	12.155224115884007	509.7073130607605
248	17.0	12.203671874725167	512.0142226219177
249	35.0	12.431635155977915	516.9585998058319
250	42.0	12.727318804418136	525.2294511795044
