1	15.0	15.0
2	11.0	14.959999999999999
3	8.0	14.8904
4	8.0	14.821496
5	10.0	14.773281039999999
6	5.0	14.675548229599999
7	14.0	14.668792747304
8	11.0	14.632104819830959
9	6.0	14.54578377163265
10	7.0	14.470325933916323
11	9.0	14.41562267457716
12	9.0	14.361466447831388
13	13.0	14.347851783353075
14	12.0	14.324373265519544
15	3.0	14.211129532864348
16	4.0	14.109018237535704
17	6.0	14.027928055160347
18	7.0	13.957648774608744
19	10.0	13.918072286862657
20	13.0	13.90889156399403
21	9.0	13.85980264835409
22	10.0	13.82120462187055
23	4.0	13.722992575651842
24	4.0	13.625762649895323
25	9.0	13.57950502339637
26	19.0	13.633709973162405
27	1.0	13.50737287343078
28	8.0	13.452299144696472
29	13.0	13.447776153249508
30	3.0	13.343298391717013
31	12.0	13.329865407799842
32	16.0	13.356566753721843
33	3.0	13.253001086184623
34	13.0	13.250471075322778
35	4.0	13.15796636456955
36	2.0	13.046386700923854
37	12.0	13.035922833914615
38	13.0	13.035563605575469
39	3.0	12.935207969519713
40	9.0	12.895855889824515
41	5.0	12.81689733092627
42	2.0	12.708728357617007
43	6.0	12.641641074040837
44	8.0	12.59522466330043
45	2.0	12.489272416667426
46	5.0	12.414379692500752
47	6.0	12.350235895575745
48	9.0	12.316733536619987
49	12.0	12.313566201253787
50	15.0	12.340430539241249
51	5.0	12.267026233848837
52	6.0	12.20435597151035
53	2.0	12.102312411795245
54	6.0	12.041289287677293
55	14.0	12.06087639480052
56	9.0	12.030267630852514
57	0.0	11.90996495454399
58	7.0	11.86086530499855
59	7.0	11.812256651948564
60	1.0	11.704134085429079
61	11.0	11.697092744574787
62	9.0	11.67012181712904
63	5.0	11.60342059895775
64	12.0	11.607386392968172
65	13.0	11.62131252903849
66	2.0	11.525099403748106
67	12.0	11.529848409710624
68	6.0	11.474549925613518
69	1.0	11.369804426357382
70	8.0	11.336106382093808
71	17.0	11.392745318272869
72	5.0	11.32881786509014
73	7.0	11.28552968643924
74	7.0	11.242674389574848
75	4.0	11.1702476456791
76	13.0	11.188545169222309
77	1.0	11.086659717530086
78	9.0	11.065793120354785
79	9.0	11.045135189151237
80	9.0	11.024683837259724
81	9.0	11.004436998887126
82	9.0	10.984392628898254
83	12.0	10.99454870260927
84	6.0	10.944603215583179
85	6.0	10.895157183427347
86	18.0	10.966205611593073
87	6.0	10.916543555477142
88	13.0	10.937378119922371
89	6.0	10.888004338723148
90	7.0	10.849124295335917
91	8.0	10.820633052382558
92	7.0	10.782426721858732
93	0.0	10.674602454640144
94	13.0	10.697856430093744
95	1.0	10.600877865792805
96	8.0	10.574869087134877
97	6.0	10.529120396263528
98	9.0	10.513829192300893
99	8.0	10.488690900377884
100	12.0	10.503803991374104
101	7.0	10.468765951460364
102	2.0	10.38407829194576
103	9.0	10.370237509026303
104	4.0	10.30653513393604
105	12.0	10.323469782596678
106	15.0	10.370235084770712
107	12.0	10.386532733923005
108	15.0	10.432667406583775
109	10.0	10.428340732517936
110	7.0	10.394057325192758
111	6.0	10.350116751940831
112	14.0	10.386615584421424
113	5.0	10.33274942857721
114	3.0	10.259421934291439
115	14.0	10.296827714948524
116	2.0	10.213859437799037
117	15.0	10.261720843421047
118	8.0	10.239103634986837
119	13.0	10.26671259863697
120	1.0	10.174045472650599
121	12.0	10.192305017924092
122	1.0	10.10038196774485
123	6.0	10.059378148067402
124	9.0	10.048784366586728
125	9.0	10.038296522920861
126	2.0	9.957913557691652
127	6.0	9.918334422114736
128	12.0	9.939151077893587
129	2.0	9.85975956711465
130	10.0	9.861161971443504
131	6.0	9.82255035172907
132	6.0	9.78432484821178
133	10.0	9.786481599729662
134	4.0	9.728616783732365
135	6.0	9.691330615895042
136	12.0	9.71441730973609
137	11.0	9.727273136638729
138	1.0	9.64000040527234
139	9.0	9.633600401219617
140	2.0	9.55726439720742
141	7.0	9.531691753235346
142	12.0	9.556374835702993
143	8.0	9.540811087345963
144	7.0	9.515402976472503
145	9.0	9.510248946707778
146	9.0	9.5051464572407
147	8.0	9.490094992668293
148	14.0	9.535194042741612
149	9.0	9.529842102314195
150	3.0	9.464543681291053
151	10.0	9.469898244478141
152	1.0	9.38519926203336
153	3.0	9.321347269413026
154	13.0	9.358133796718898
155	1.0	9.274552458751709
156	6.0	9.241806934164192
157	11.0	9.259388864822549
158	3.0	9.196794976174322
159	10.0	9.204827026412579
160	10.0	9.212778756148452
161	15.0	9.270650968586969
162	9.0	9.267944458901098
163	9.0	9.265265014312087
164	7.0	9.242612364168966
165	10.0	9.250186240527276
166	4.0	9.197684378122002
167	12.0	9.225707534340781
168	9.0	9.223450458997373
169	12.0	9.251215954407398
170	15.0	9.308703794863325
171	9.0	9.305616756914691
172	11.0	9.322560589345544
173	5.0	9.27933498345209
174	3.0	9.216541633617569
175	14.0	9.264376217281393
176	7.0	9.241732455108579
177	6.0	9.209315130557494
178	12.0	9.237221979251919
179	3.0	9.174849759459399
180	2.0	9.103101261864804
181	5.0	9.062070249246156
182	7.0	9.041449546753695
183	11.0	9.061035051286158
184	12.0	9.090424700773296
185	5.0	9.049520453765563
186	5.0	9.009025249227909
187	7.0	8.98893499673563
188	7.0	8.969045646768274
189	12.0	8.99935519030059
190	10.0	9.009361638397584
191	2.0	8.939268022013607
192	5.0	8.899875341793472
193	10.0	8.910876588375537
194	1.0	8.83176782249178
195	6.0	8.803450144266863
196	6.0	8.775415642824195
197	11.0	8.797661486395953
198	4.0	8.749684871531992
199	11.0	8.772188022816671
200	7.0	8.754466142588505
201	10.0	8.766921481162619
202	15.0	8.829252266350993
203	5.0	8.790959743687484
204	7.0	8.77305014625061
205	12.0	8.805319644788103
206	5.0	8.767266448340223
207	3.0	8.70959378385682
208	10.0	8.722497846018252
209	18.0	8.815272867558068
210	8.0	8.807120138882487
211	7.0	8.789048937493662
212	3.0	8.731158448118725
213	3.0	8.673846863637538
214	12.0	8.707108395001162
215	9.0	8.71003731105115
216	4.0	8.66293693794064
217	11.0	8.686307568561231
218	1.0	8.60944449287562
219	7.0	8.593350047946863
220	13.0	8.637416547467396
221	21.0	8.761042381992723
222	3.0	8.703431958172796
223	10.0	8.716397638591069
224	6.0	8.689233662205158
225	10.0	8.702341325583106
226	8.0	8.695317912327274
227	10.0	8.708364733204002
228	0.0	8.621281085871962
229	5.0	8.585068275013242
230	6.0	8.55921759226311
231	4.0	8.513625416340478
232	10.0	8.528489162177072
233	7.0	8.5132042705553
234	3.0	8.458072227849748
235	9.0	8.46349150557125
236	1.0	8.388856590515537
237	11.0	8.414968024610381
238	9.0	8.420818344364278
239	13.0	8.466610160920636
240	1.0	8.39194405931143
241	12.0	8.428024618718315
242	8.0	8.42374437253113
243	23.0	8.56950692880582
244	10.0	8.58381185951776
245	12.0	8.617973740922583
246	5.0	8.581794003513357
247	7.0	8.565976063478224
248	11.0	8.590316302843442
249	2.0	8.524413139815007
250	12.0	8.559169008416855
