1	2.0	2.0
2	9.0	2.07
3	1.0	2.0592999999999995
4	5.0	2.0887069999999994
5	0.0	2.0678199299999993
6	5.0	2.0971417306999993
7	15.0	2.2261703133929993
8	2.0	2.2239086102590693
9	3.0	2.2316695241564783
10	13.0	2.3393528289149135
11	2.0	2.335959300625764
12	1.0	2.3225997076195064
13	12.0	2.4193737105433115
14	1.0	2.4051799734378783
15	2.0	2.4011281737034995
16	7.0	2.4471168919664645
17	0.0	2.4226457230468
18	2.0	2.4184192658163317
19	2.0	2.4142350731581685
20	4.0	2.4300927224265867
21	2.0	2.4257917952023207
22	5.0	2.4515338772502973
23	2.0	2.4470185384777943
24	7.0	2.4925483530930164
25	9.0	2.557622869562086
26	2.0	2.5520466408664655
27	4.0	2.5665261744578007
28	4.0	2.5808609127132227
29	5.0	2.60505230358609
30	3.0	2.609001780550229
31	4.0	2.6229117627447267
32	11.0	2.7066826451172794
33	11.0	2.7896158186661064
34	8.0	2.8417196604794452
35	2.0	2.833302463874651
36	9.0	2.894969439235904
37	2.0	2.886019744843545
38	1.0	2.8671595473951097
39	2.0	2.8584879519211586
40	4.0	2.869903072401947
41	6.0	2.9012040416779277
42	1.0	2.882192001261148
43	1.0	2.863370081248536
44	2.0	2.8547363804360506
45	4.0	2.86618901663169
46	6.0	2.8975271264653735
47	4.0	2.9085518552007197
48	2.0	2.8994663366487123
49	5.0	2.920471673282225
50	2.0	2.9112669565494027
51	0.0	2.8821542869839085
52	11.0	2.9633327441140693
53	4.0	2.9736994166729285
54	0.0	2.9439624225061993
55	3.0	2.9445227982811373
56	3.0	2.945077570298326
57	0.0	2.9156267945953425
58	7.0	2.956470526649389
59	2.0	2.946905821382895
60	0.0	2.917436763169066
61	4.0	2.9282623955373754
62	4.0	2.9389797715820016
63	2.0	2.9295899738661815
64	4.0	2.94029407412752
65	5.0	2.9608911333862444
66	1.0	2.9412822220523815
67	1.0	2.9218693998318575
68	8.0	2.972650705833539
69	1.0	2.9529241987752033
70	4.0	2.963394956787451
71	5.0	2.9837610072195764
72	4.0	2.9939233971473804
73	6.0	3.0239841631759066
74	1.0	3.003744321544147
75	2.0	2.9937068783287057
76	5.0	3.0137698095454186
77	5.0	3.0336321114499643
78	0.0	3.0032957903354647
79	20.0	3.17326283243211
80	4.0	3.181530204107789
81	7.0	3.219714902066711
82	1.0	3.1975177530460437
83	4.0	3.205542575515583
84	0.0	3.1734871497604273
85	9.0	3.2317522782628227
86	0.0	3.1994347554801945
87	2.0	3.1874404079253926
88	4.0	3.195566003846139
89	7.0	3.233610343807677
90	0.0	3.2012742403696004
91	9.0	3.259261497965904
92	2.0	3.246668882986245
93	1.0	3.2242021941563825
94	4.0	3.231960172214819
95	3.0	3.2296405704926703
96	0.0	3.1973441647877436
97	1.0	3.175370723139866
98	2.0	3.1636170159084673
99	1.0	3.1419808457493823
100	3.0	3.140561037291888
101	2.0	3.1291554269189694
102	4.0	3.13786387264978
103	0.0	3.106485233923282
104	1.0	3.085420381584049
105	2.0	3.0745661777682085
106	3.0	3.0738205159905263
107	2.0	3.063082310830621
108	2.0	3.0524514877223146
109	3.0	3.051926972845091
110	5.0	3.07140770311664
111	4.0	3.0806936260854734
112	3.0	3.0798866898246184
113	1.0	3.059087822926372
114	4.0	3.068496944697108
115	4.0	3.077811975250137
116	2.0	3.0670338554976357
117	4.0	3.0763635169426595
118	5.0	3.0955998817732326
119	6.0	3.1246438829555006
120	4.0	3.1333974441259453
121	2.0	3.122063469684686
122	6.0	3.1508428349878392
123	1.0	3.1293344066379607
124	5.0	3.148041062571581
125	0.0	3.116560651945865
126	1.0	3.095395045426406
127	7.0	3.134441094972142
128	4.0	3.1430966840224204
129	2.0	3.131665717182196
130	4.0	3.140349060010374
131	2.0	3.1289455694102704
132	1.0	3.1076561137161676
133	2.0	3.096579552579006
134	3.0	3.0956137570532154
135	2.0	3.0846576194826834
136	4.0	3.0938110432878565
137	2.0	3.0828729328549778
138	3.0	3.082044203526428
139	2.0	3.0712237614911637
140	0.0	3.040511523876252
141	2.0	3.0301064086374896
142	1.0	3.0098053445511144
143	2.0	2.999707291105603
144	2.0	2.989710218194547
145	4.0	2.9998131160126014
146	3.0	2.9998149848524753
147	2.0	2.9898168350039507
148	12.0	3.0799186666539113
149	7.0	3.119119479987372
150	2.0	3.1079282851874983
151	0.0	3.0768490023356234
152	1.0	3.056080512312267
153	0.0	3.025519707189144
154	7.0	3.0652645101172524
155	1.0	3.04461186501608
156	3.0	3.044165746365919
157	0.0	3.0137240889022596
158	6.0	3.043586848013237
159	3.0	3.043150979533104
160	1.0	3.022719469737773
161	2.0	3.0124922750403953
162	1.0	2.992367352289991
163	0.0	2.9624436787670914
164	3.0	2.96281924197942
165	1.0	2.943191049559626
166	3.0	2.943759139064029
167	3.0	2.944321547673389
168	2.0	2.934878332196655
169	5.0	2.955529548874688
170	3.0	2.955974253385941
171	14.0	3.0664145108520815
172	6.0	3.0957503657435606
173	9.0	3.1547928620861247
174	2.0	3.1432449334652635
175	4.0	3.1518124841306108
176	7.0	3.1902943592893043
177	4.0	3.198391415696411
178	3.0	3.1964075015394466
179	1.0	3.1744434265240518
180	1.0	3.152698992258811
181	2.0	3.141172002336223
182	8.0	3.189760282312861
183	1.0	3.167862679489732
184	2.0	3.156184052694835
185	5.0	3.174622212167886
186	1.0	3.152875990046207
187	1.0	3.131347230145745
188	5.0	3.1500337578442874
189	0.0	3.1185334202658446
190	4.0	3.127348086063186
191	0.0	3.096074605202554
192	2.0	3.0851138591505287
193	4.0	3.0942627205590236
194	2.0	3.0833200933534335
195	0.0	3.0524868924198993
196	2.0	3.0419620234957003
197	2.0	3.0315424032607434
198	1.0	3.0112269792281356
199	2.0	3.0011147094358543
200	2.0	2.991103562341496
201	0.0	2.9611925267180808
202	4.0	2.9715806014509
203	2.0	2.9618647954363913
204	1.0	2.942246147482027
205	3.0	2.9428236860072063
206	2.0	2.933395449147134
207	1.0	2.9140614946556624
208	6.0	2.9449208797091058
209	0.0	2.9154716709120145
210	2.0	2.9063169542028944
211	2.0	2.8972537846608653
212	2.0	2.8882812468142567
213	2.0	2.8793984343461143
214	4.0	2.890604450002653
215	0.0	2.8616984055026267
216	3.0	2.8630814214476
217	5.0	2.884450607233124
218	1.0	2.8656061011607923
219	6.0	2.8969500401491843
220	2.0	2.8879805397476925
221	3.0	2.8891007343502153
222	0.0	2.8602097270067133
223	4.0	2.871607629736646
224	0.0	2.8428915534392796
225	2.0	2.834462637904887
226	5.0	2.856118011525838
227	1.0	2.8375568314105792
228	2.0	2.829181263096473
229	8.0	2.8808894504655087
230	1.0	2.8620805559608535
231	2.0	2.853459750401245
232	5.0	2.8749251528972324
233	1.0	2.85617590136826
234	7.0	2.8976141423545774
235	2.0	2.8886380009310315
236	5.0	2.909751620921721
237	2.0	2.900654104712504
238	5.0	2.9216475636653785
239	2.0	2.9124310880287245
240	0.0	2.8833067771484373
241	6.0	2.914473709376953
242	1.0	2.895328972283183
243	3.0	2.896375682560351
244	2.0	2.8874119257347473
245	11.0	2.9685378064773995
246	3.0	2.9688524284126254
247	3.0	2.9691639041284987
248	1.0	2.9494722650872136
249	4.0	2.9599775424363415
250	6.0	2.990377767011978
