1	0.0	0.0
2	0.0	0.0
3	1.0	0.01
4	4.0	0.0499
5	6.0	0.109401
6	2.0	0.12830698999999998
7	0.0	0.1270239201
8	1.0	0.135753680899
9	2.0	0.15439614409000998
10	1.0	0.1628521826491099
11	0.0	0.1612236608226188
12	1.0	0.16961142421439263
13	0.0	0.1679153099722487
14	0.0	0.16623615687252621
15	6.0	0.22457379530380095
16	0.0	0.22232805735076294
17	0.0	0.22010477677725532
18	0.0	0.21790372900948277
19	4.0	0.25572469171938794
20	0.0	0.25316744480219405
21	2.0	0.27063577035417213
22	1.0	0.2779294126506304
23	7.0	0.34515011852412414
24	0.0	0.3416986173388829
25	8.0	0.4182816311654941
26	0.0	0.41409881485383915
27	2.0	0.42995782670530075
28	0.0	0.42565824843824773
29	0.0	0.42140166595386525
30	0.0	0.4171876492943266
31	0.0	0.41301577280138335
32	4.0	0.4488856150733695
33	0.0	0.4443967589226358
34	0.0	0.4399527913334094
35	0.0	0.43555326342007533
36	1.0	0.4411977307858746
37	1.0	0.44678575347801586
38	0.0	0.4423178959432357
39	6.0	0.49789471698380333
40	0.0	0.4929157698139653
41	8.0	0.5679866121158256
42	0.0	0.5623067459946673
43	1.0	0.5666836785347207
44	0.0	0.5610168417493735
45	0.0	0.5554066733318798
46	0.0	0.549852606598561
47	0.0	0.5443540805325753
48	0.0	0.5389105397272496
49	8.0	0.613521434329977
50	0.0	0.6073862199866772
51	0.0	0.6013123577868104
52	0.0	0.5952992342089423
53	8.0	0.6693462418668528
54	0.0	0.6626527794481842
55	0.0	0.6560262516537024
56	1.0	0.6594659891371654
57	0.0	0.6528713292457937
58	0.0	0.6463426159533358
59	0.0	0.6398791897938024
60	0.0	0.6334803978958644
61	1.0	0.6371455939169057
62	0.0	0.6307741379777366
63	2.0	0.6444663965979592
64	2.0	0.6580217326319796
65	0.0	0.6514415153056599
66	1.0	0.6549271001526032
67	2.0	0.6683778291510772
68	1.0	0.6716940508595665
69	0.0	0.6649771103509707
70	0.0	0.658327339247461
71	0.0	0.6517440658549863
72	2.0	0.6652266251964365
73	0.0	0.6585743589444721
74	0.0	0.6519886153550274
75	0.0	0.6454687292014771
76	0.0	0.6390140419094623
77	2.0	0.6526239014903678
78	0.0	0.6460976624754641
79	0.0	0.6396366858507094
80	0.0	0.6332403189922023
81	0.0	0.6269079158022803
82	0.0	0.6206388366442576
83	1.0	0.624432448277815
84	8.0	0.6981881237950368
85	5.0	0.7412062425570864
86	0.0	0.7337941801315155
87	0.0	0.7264562383302003
88	0.0	0.7191916759468984
89	0.0	0.7119997591874294
90	0.0	0.7048797615955551
91	4.0	0.7378309639795996
92	0.0	0.7304526543398036
93	1.0	0.7331481277964055
94	1.0	0.7358166465184415
95	0.0	0.7284584800532571
96	0.0	0.7211738952527245
97	0.0	0.7139621563001972
98	0.0	0.7068225347371953
99	8.0	0.7797543093898233
100	2.0	0.791956766295925
101	10.0	0.8840371986329658
102	0.0	0.8751968266466361
103	0.0	0.8664448583801697
104	1.0	0.8677804097963681
105	0.0	0.8591026056984044
106	0.0	0.8505115796414203
107	0.0	0.8420064638450061
108	0.0	0.8335863992065561
109	0.0	0.8252505352144905
110	0.0	0.8169980298623456
111	2.0	0.8288280495637221
112	0.0	0.8205397690680849
113	3.0	0.8423343713774041
114	0.0	0.83391102766363
115	0.0	0.8255719173869938
116	2.0	0.8373161982131239
117	0.0	0.8289430362309926
118	2.0	0.8406536058686828
119	3.0	0.862247069809996
120	0.0	0.853624599111896
121	0.0	0.845088353120777
122	0.0	0.8366374695895692
123	0.0	0.8282710948936735
124	3.0	0.8499883839447367
125	5.0	0.8914885001052895
126	3.0	0.9125736151042366
127	7.0	0.9734478789531942
128	3.0	0.9937134001636623
129	0.0	0.9837762661620256
130	8.0	1.0539385035004054
131	0.0	1.0433991184654015
132	2.0	1.0529651272807474
133	1.0	1.05243547600794
134	0.0	1.0419111212478605
135	0.0	1.031492010035382
136	5.0	1.0711770899350281
137	0.0	1.0604653190356779
138	2.0	1.0698606658453211
139	0.0	1.059162059186868
140	0.0	1.0485704385949992
141	9.0	1.1280847342090492
142	0.0	1.1168038868669588
143	0.0	1.105635847998289
144	1.0	1.104579489518306
145	1.0	1.1035336946231231
146	1.0	1.1024983576768919
147	1.0	1.101473374100123
148	0.0	1.0904586403591219
149	1.0	1.0895540539555306
150	0.0	1.0786585134159754
151	0.0	1.0678719282818157
152	0.0	1.0571932089989975
153	8.0	1.1266212769090076
154	0.0	1.1153550641399175
155	0.0	1.1042015134985184
156	0.0	1.093159498363533
157	5.0	1.1322279033798979
158	0.0	1.1209056243460989
159	0.0	1.1096965681026378
160	0.0	1.0985996024216114
161	0.0	1.0876136063973953
162	0.0	1.0767374703334214
163	0.0	1.065970095630087
164	2.0	1.075310394673786
165	0.0	1.0645572907270482
166	1.0	1.0639117178197777
167	1.0	1.0632726006415798
168	5.0	1.102639874635164
169	4.0	1.1316134758888123
170	2.0	1.1402973411299242
171	1.0	1.138894367718625
172	4.0	1.1675054240414386
173	0.0	1.1558303698010242
174	2.0	1.164272066103014
175	0.0	1.1526293454419838
176	0.0	1.141103051987564
177	6.0	1.1896920214676885
178	0.0	1.1777951012530117
179	0.0	1.1660171502404815
180	0.0	1.1543569787380767
181	5.0	1.192813408950696
182	0.0	1.180885274861189
183	1.0	1.1790764221125771
184	0.0	1.1672856578914514
185	1.0	1.1656128013125369
186	0.0	1.1539566732994115
187	4.0	1.1824171065664175
188	5.0	1.2205929355007534
189	0.0	1.2083870061457458
190	0.0	1.1963031360842884
191	0.0	1.1843401047234454
192	1.0	1.182496703676211
193	0.0	1.170671736639449
194	0.0	1.1589650192730545
195	1.0	1.157375369080324
196	0.0	1.1458016153895207
197	0.0	1.1343435992356254
198	0.0	1.1230001632432691
199	2.0	1.1317701616108364
200	0.0	1.120452459994728
201	8.0	1.189247935394781
202	0.0	1.177355456040833
203	0.0	1.1655819014804247
204	0.0	1.1539260824656206
205	5.0	1.1923868216409643
206	6.0	1.2404629534245548
207	0.0	1.2280583238903093
208	0.0	1.2157777406514063
209	1.0	1.2136199632448923
210	0.0	1.2014837636124434
211	1.0	1.199468925976319
212	5.0	1.2374742367165559
213	1.0	1.2350994943493903
214	2.0	1.2427484994058964
215	3.0	1.2603210144118375
216	0.0	1.247717804267719
217	2.0	1.255240626225042
218	5.0	1.2926882199627916
219	2.0	1.2997613377631636
220	2.0	1.306763724385532
221	1.0	1.3036960871416765
222	0.0	1.2906591262702598
223	2.0	1.2977525350075572
224	0.0	1.2847750096574815
225	0.0	1.2719272595609066
226	0.0	1.2592079869652975
227	2.0	1.2666159070956444
228	1.0	1.263949748024688
229	9.0	1.3413102505444412
230	2.0	1.3478971480389967
231	3.0	1.3644181765586068
232	0.0	1.3507739947930206
233	0.0	1.3372662548450904
234	1.0	1.3338935922966395
235	0.0	1.3205546563736732
236	0.0	1.3073491098099363
237	3.0	1.324275618711837
238	0.0	1.3110328625247185
239	5.0	1.3479225338994714
240	0.0	1.3344433085604765
241	0.0	1.3210988754748718
242	0.0	1.3078878867201231
243	0.0	1.294809007852922
244	0.0	1.2818609177743927
245	0.0	1.2690423085966487
246	0.0	1.256351885510682
247	0.0	1.2437883666555754
248	0.0	1.2313504829890196
249	7.0	1.2890369781591295
250	1.0	1.2861466083775381
