1	1.0	1.0
2	0.0	0.99
3	4.0	1.0201
4	0.0	1.009899
5	0.0	0.9998000100000001
6	0.0	0.9898020099000001
7	0.0	0.9799039898010001
8	0.0	0.9701049499029901
9	0.0	0.9604039004039602
10	0.0	0.9507998613999206
11	1.0	0.9512918627859214
12	8.0	1.0217789441580623
13	0.0	1.0115611547164816
14	0.0	1.0014455431693168
15	1.0	1.0014310877376236
16	2.0	1.0114167768602473
17	0.0	1.0013026090916448
18	7.0	1.0612895830007283
19	0.0	1.050676687170721
20	1.0	1.0501699202990138
21	0.0	1.0396682210960237
22	1.0	1.0392715388850635
23	1.0	1.038878823496213
24	0.0	1.028490035261251
25	3.0	1.0482051349086385
26	0.0	1.0377230835595521
27	0.0	1.0273458527239565
28	2.0	1.037072394196717
29	7.0	1.0967016702547498
30	2.0	1.1057346535522024
31	0.0	1.0946773070166804
32	1.0	1.0937305339465135
33	0.0	1.0827932286070483
34	0.0	1.0719652963209778
35	0.0	1.061245643357768
36	2.0	1.0706331869241903
37	3.0	1.0899268550549484
38	0.0	1.0790275865043988
39	0.0	1.0682373106393548
40	6.0	1.1175549375329612
41	11.0	1.2163793881576317
42	0.0	1.2042155942760553
43	0.0	1.1921734383332947
44	0.0	1.1802517039499618
45	0.0	1.1684491869104623
46	0.0	1.1567646950413577
47	0.0	1.1451970480909441
48	0.0	1.1337450776100346
49	0.0	1.1224076268339342
50	0.0	1.111183550565595
51	0.0	1.100071715059939
52	0.0	1.0890709979093396
53	3.0	1.1081802879302463
54	0.0	1.0970984850509438
55	1.0	1.0961275002004343
56	0.0	1.08516622519843
57	5.0	1.1243145629464457
58	0.0	1.1130714173169813
59	0.0	1.1019407031438115
60	0.0	1.0909212961123733
61	5.0	1.1300120831512497
62	0.0	1.1187119623197372
63	0.0	1.1075248426965398
64	0.0	1.0964495942695744
65	0.0	1.0854850983268787
66	0.0	1.0746302473436098
67	0.0	1.0638839448701738
68	2.0	1.073245105421472
69	0.0	1.0625126543672572
70	0.0	1.0518875278235846
71	2.0	1.0613686525453487
72	1.0	1.0607549660198952
73	0.0	1.0501474163596962
74	0.0	1.0396459421960993
75	0.0	1.0292494827741383
76	4.0	1.058956987946397
77	0.0	1.048367418066933
78	0.0	1.0378837438862636
79	0.0	1.027504906447401
80	0.0	1.0172298573829268
81	0.0	1.0070575588090975
82	0.0	0.9969869832210065
83	0.0	0.9870171133887965
84	0.0	0.9771469422549085
85	0.0	0.9673754728323594
86	3.0	0.9877017181040358
87	2.0	0.9978247009229955
88	8.0	1.0678464539137655
89	0.0	1.057167989374628
90	0.0	1.0465963094808817
91	2.0	1.056130346386073
92	0.0	1.0455690429222122
93	0.0	1.03511335249299
94	0.0	1.02476221896806
95	1.0	1.0245145967783795
96	1.0	1.0242694508105958
97	5.0	1.0640267563024899
98	0.0	1.053386488739465
99	0.0	1.0428526238520703
100	0.0	1.0324240976135497
101	0.0	1.0220998566374142
102	5.0	1.06187885807104
103	2.0	1.0712600694903298
104	2.0	1.0805474687954266
105	0.0	1.0697419941074724
106	0.0	1.0590445741663976
107	2.0	1.0684541284247338
108	0.0	1.0577695871404864
109	1.0	1.0571918912690816
110	0.0	1.0466199723563907
111	3.0	1.0661537726328267
112	3.0	1.0854922349064984
113	3.0	1.1046373125574334
114	0.0	1.093590939431859
115	0.0	1.0826550300375404
116	0.0	1.0718284797371649
117	0.0	1.0611101949397932
118	0.0	1.0504990929903952
119	0.0	1.0399941020604913
120	0.0	1.0295941610398864
121	1.0	1.0292982194294875
122	0.0	1.0190052372351925
123	4.0	1.0488151848628406
124	0.0	1.0383270330142123
125	3.0	1.0579437626840702
126	0.0	1.0473643250572295
127	0.0	1.0368906818066572
128	4.0	1.0665217749885907
129	4.0	1.095856557238705
130	0.0	1.0848979916663177
131	0.0	1.0740490117496546
132	0.0	1.063308521632158
133	0.0	1.0526754364158364
134	0.0	1.042148682051678
135	1.0	1.0417271952311613
136	0.0	1.0313099232788496
137	0.0	1.0209968240460612
138	0.0	1.0107868558056006
139	0.0	1.0006789872475446
140	0.0	0.9906721973750691
141	1.0	0.9907654754013183
142	0.0	0.9808578206473051
143	0.0	0.971049242440832
144	0.0	0.9613387500164237
145	1.0	0.9617253625162594
146	0.0	0.9521081088910968
147	1.0	0.9525870278021858
148	1.0	0.953061157524164
149	2.0	0.9635305459489224
150	2.0	0.9738952404894332
151	0.0	0.9641562880845389
152	0.0	0.9545147252036935
153	2.0	0.9649695779516566
154	0.0	0.95531988217214
155	1.0	0.9557666833504186
156	2.0	0.9662090165169144
157	5.0	1.0065469263517453
158	0.0	0.9964814570882278
159	0.0	0.9865166425173455
160	0.0	0.9766514760921721
161	0.0	0.9668849613312503
162	0.0	0.9572161117179379
163	2.0	0.9676439506007585
164	7.0	1.0279675110947508
165	0.0	1.0176878359838033
166	2.0	1.0275109576239654
167	0.0	1.0172358480477257
168	2.0	1.0270634895672484
169	4.0	1.056792854671576
170	2.0	1.0662249261248602
171	0.0	1.0555626768636115
172	0.0	1.0450070500949753
173	0.0	1.0345569795940255
174	0.0	1.0242114097980852
175	2.0	1.0339692957001043
176	0.0	1.0236296027431033
177	2.0	1.0333933067156722
178	1.0	1.0330593736485154
179	1.0	1.0327287799120302
180	0.0	1.0224014921129099
181	2.0	1.0321774771917809
182	0.0	1.0218557024198631
183	0.0	1.0116371453956645
184	5.0	1.0515207739417078
185	8.0	1.1210055662022909
186	0.0	1.109795510540268
187	0.0	1.0986975554348652
188	1.0	1.0977105798805167
189	0.0	1.0867334740817114
190	0.0	1.0758661393408944
191	0.0	1.0651074779474854
192	2.0	1.0744564031680106
193	0.0	1.0637118391363305
194	0.0	1.053074720744967
195	0.0	1.0425439735375175
196	3.0	1.0621185338021424
197	0.0	1.051497348464121
198	0.0	1.0409823749794798
199	3.0	1.060572551229685
200	4.0	1.0899668257173882
201	0.0	1.0790671574602144
202	0.0	1.0682764858856122
203	3.0	1.087593721026756
204	3.0	1.1067177838164886
205	6.0	1.1556506059783238
206	0.0	1.1440940999185405
207	0.0	1.1326531589193551
208	0.0	1.1213266273301616
209	0.0	1.11011336105686
210	1.0	1.1090122274462915
211	0.0	1.0979221051718286
212	0.0	1.0869428841201103
213	0.0	1.0760734552789093
214	1.0	1.0753127207261202
215	0.0	1.064559593518859
216	3.0	1.0839139975836705
217	2.0	1.0930748576078337
218	6.0	1.1421441090317555
219	1.0	1.140722667941438
220	2.0	1.1493154412620237
221	0.0	1.1378222868494035
222	0.0	1.1264440639809095
223	1.0	1.1251796233411004
224	6.0	1.1739278271076894
225	0.0	1.1621885488366124
226	0.0	1.1505666633482463
227	1.0	1.1490609967147638
228	3.0	1.1675703867476162
229	0.0	1.15589468288014
230	0.0	1.1443357360513386
231	3.0	1.1628923786908252
232	0.0	1.151263454903917
233	0.0	1.1397508203548776
234	1.0	1.138353312151329
235	1.0	1.1369697790298157
236	0.0	1.1256000812395175
237	3.0	1.1443440804271223
238	5.0	1.1829006396228512
239	1.0	1.1810716332266227
240	0.0	1.1692609168943564
241	1.0	1.1675683077254129
242	0.0	1.1558926246481587
243	0.0	1.144333698401677
244	1.0	1.1428903614176602
245	0.0	1.1314614578034836
246	0.0	1.1201468432254487
247	5.0	1.1589453747931941
248	0.0	1.1473559210452622
249	0.0	1.1358823618348095
250	1.0	1.1345235382164613
