1	1.0	1.0
2	0.0	0.99
3	3.0	1.0101
4	0.0	0.999999
5	0.0	0.98999901
6	2.0	1.0000990199
7	2.0	1.0100980297009998
8	0.0	0.9999970494039898
9	0.0	0.9899970789099499
10	0.0	0.9800971081208504
11	0.0	0.9702961370396419
12	0.0	0.9605931756692455
13	0.0	0.9509872439125531
14	0.0	0.9414773714734276
15	0.0	0.9320625977586933
16	2.0	0.9427419717811063
17	0.0	0.9333145520632953
18	1.0	0.9339814065426624
19	2.0	0.9446415924772358
20	1.0	0.9451951765524634
21	0.0	0.9357432247869388
22	4.0	0.9663857925390694
23	3.0	0.9867219346136787
24	1.0	0.986854715267542
25	3.0	1.0069861681148666
26	1.0	1.0069163064337179
27	0.0	0.9968471433693807
28	0.0	0.9868786719356869
29	0.0	0.97700988521633
30	2.0	0.9872397863641668
31	1.0	0.9873673885005251
32	1.0	0.9874937146155198
33	0.0	0.9776187774693647
34	0.0	0.967842589694671
35	0.0	0.9581641637977243
36	1.0	0.958582522159747
37	10.0	1.0489966969381497
38	0.0	1.0385067299687682
39	1.0	1.0381216626690806
40	2.0	1.0477404460423898
41	2.0	1.057263041581966
42	1.0	1.0566904111661464
43	0.0	1.046123507054485
44	1.0	1.0456622719839401
45	2.0	1.0552056492641007
46	0.0	1.0446535927714595
47	0.0	1.034207056843745
48	2.0	1.0438649862753075
49	9.0	1.1234263364125545
50	1.0	1.122192073048429
51	2.0	1.1309701523179447
52	2.0	1.1396604507947652
53	1.0	1.1382638462868175
54	0.0	1.1268812078239494
55	0.0	1.1156123957457098
56	0.0	1.1044562717882527
57	5.0	1.1434117090703702
58	0.0	1.1319775919796664
59	0.0	1.1206578160598697
60	0.0	1.109451237899271
61	2.0	1.1183567255202782
62	0.0	1.1071731582650755
63	6.0	1.1561014266824248
64	0.0	1.1445404124156004
65	0.0	1.1330950082914444
66	2.0	1.14176405820853
67	1.0	1.1403464176264446
68	5.0	1.1789429534501803
69	0.0	1.1671535239156785
70	0.0	1.1554819886765217
71	0.0	1.1439271687897565
72	5.0	1.182487897101859
73	0.0	1.1706630181308404
74	0.0	1.158956387949532
75	0.0	1.1473668240700365
76	3.0	1.1658931558293362
77	2.0	1.1742342242710428
78	0.0	1.1624918820283323
79	0.0	1.150866963208049
80	1.0	1.1493582935759685
81	3.0	1.167864710640209
82	3.0	1.1861860635338068
83	0.0	1.1743242028984688
84	1.0	1.1725809608694842
85	0.0	1.1608551512607892
86	0.0	1.1492465997481813
87	0.0	1.1377541337506996
88	2.0	1.1463765924131926
89	2.0	1.1549128264890607
90	0.0	1.1433636982241702
91	0.0	1.1319300612419285
92	6.0	1.1806107606295093
93	0.0	1.1688046530232141
94	0.0	1.1571166064929819
95	0.0	1.145545440428052
96	0.0	1.1340899860237714
97	0.0	1.1227490861635336
98	0.0	1.1115215953018982
99	1.0	1.1104063793488792
100	0.0	1.0993023155553905
101	0.0	1.0883092923998365
102	1.0	1.087426199475838
103	0.0	1.0765519374810797
104	0.0	1.0657864181062688
105	2.0	1.0751285539252062
106	0.0	1.0643772683859543
107	0.0	1.0537334957020947
108	0.0	1.0431961607450737
109	10.0	1.132764199137623
110	0.0	1.1214365571462468
111	0.0	1.1102221915747843
112	0.0	1.0991199696590364
113	0.0	1.088128769962446
114	2.0	1.0972474822628215
115	0.0	1.0862750074401932
116	3.0	1.1054122573657914
117	0.0	1.0943581347921334
118	0.0	1.0834145534442121
119	2.0	1.09258040790977
120	0.0	1.0816546038306725
121	2.0	1.0908380577923658
122	0.0	1.079929677214442
123	0.0	1.0691303804422976
124	0.0	1.0584390766378746
125	0.0	1.0478546858714959
126	1.0	1.047376139012781
127	4.0	1.0769023776226532
128	0.0	1.0661333538464266
129	0.0	1.0554720203079624
130	0.0	1.0449173001048828
131	0.0	1.034468127103834
132	6.0	1.0841234458327957
133	3.0	1.1032822113744678
134	0.0	1.092249389260723
135	2.0	1.101326895368116
136	0.0	1.0903136264144346
137	0.0	1.0794104901502903
138	0.0	1.0686163852487873
139	1.0	1.0679302213962996
140	2.0	1.0772509191823365
141	0.0	1.0664784099905131
142	0.0	1.055813625890608
143	2.0	1.065255489631702
144	0.0	1.054602934735385
145	0.0	1.044056905388031
146	0.0	1.0336163363341508
147	5.0	1.0732801729708095
148	0.0	1.0625473712411013
149	0.0	1.0519218975286904
150	0.0	1.0414026785534034
151	1.0	1.0409886517678695
152	5.0	1.0805787652501908
153	0.0	1.069772977597689
154	1.0	1.069075247821712
155	0.0	1.0583844953434949
156	0.0	1.0478006503900599
157	8.0	1.1173226438861594
158	0.0	1.106149417447298
159	0.0	1.095087923272825
160	0.0	1.0841370440400968
161	1.0	1.083295673599696
162	0.0	1.0724627168636989
163	0.0	1.061738089695062
164	0.0	1.0511207087981114
165	2.0	1.0606095017101302
166	0.0	1.0500034066930288
167	0.0	1.0395033726260985
168	0.0	1.0291083388998374
169	0.0	1.018817255510839
170	0.0	1.0086290829557305
171	6.0	1.0585427921261732
172	0.0	1.0479573642049114
173	5.0	1.0874777905628623
174	0.0	1.0766030126572337
175	3.0	1.0958369825306613
176	0.0	1.0848786127053547
177	8.0	1.154029826578301
178	1.0	1.152489528312518
179	0.0	1.1409646330293928
180	0.0	1.1295549866990988
181	0.0	1.1182594368321077
182	0.0	1.1070768424637867
183	1.0	1.1060060740391489
184	8.0	1.1749460132987575
185	5.0	1.21319655316577
186	0.0	1.2010645876341124
187	2.0	1.2090539417577713
188	3.0	1.2269634023401936
189	0.0	1.2146937683167918
190	0.0	1.2025468306336238
191	1.0	1.2005213623272875
192	5.0	1.2385161487040146
193	4.0	1.2661309872169746
194	0.0	1.2534696773448049
195	8.0	1.3209349805713568
196	0.0	1.3077256307656433
197	5.0	1.344648374457987
198	4.0	1.3712018907134071
199	1.0	1.3674898718062731
200	0.0	1.3538149730882103
201	7.0	1.4102768233573282
202	0.0	1.396174055123755
203	2.0	1.4022123145725174
204	3.0	1.4181901914267923
205	8.0	1.4840082895125244
206	2.0	1.4891682066173992
207	0.0	1.4742765245512253
208	1.0	1.469533759305713
209	1.0	1.4648384217126558
210	0.0	1.4501900374955292
211	1.0	1.4456881371205739
212	0.0	1.431231255749368
213	0.0	1.4169189431918743
214	7.0	1.4727497537599556
215	0.0	1.4580222562223561
216	0.0	1.4434420336601326
217	0.0	1.4290076133235312
218	1.0	1.4247175371902958
219	1.0	1.420470361818393
220	2.0	1.426265658200209
221	0.0	1.4120030016182068
222	0.0	1.3978829716020247
223	1.0	1.3939041418860045
224	1.0	1.3899651004671445
225	0.0	1.3760654494624731
226	0.0	1.3623047949678484
227	2.0	1.36868174701817
228	4.0	1.3949949295479884
229	0.0	1.3810449802525084
230	0.0	1.3672345304499833
231	5.0	1.4035621851454836
232	0.0	1.3895265632940288
233	0.0	1.3756312976610885
234	0.0	1.3618749846844775
235	1.0	1.3582562348376328
236	0.0	1.3446736724892565
237	7.0	1.401226935764364
238	0.0	1.3872146664067204
239	0.0	1.3733425197426532
240	1.0	1.3696090945452266
241	2.0	1.3759130035997744
242	3.0	1.3921538735637766
243	0.0	1.378232334828139
244	0.0	1.3644500114798574
245	0.0	1.3508055113650588
246	1.0	1.3472974562514082
247	0.0	1.333824481688894
248	4.0	1.360486236872005
249	0.0	1.3468813745032848
250	0.0	1.3334125607582519
